0.000000000
0.000000395
0.000001579
0.000003553
0.000006316
0.000009869
0.000014211
0.000019341
0.000025261
0.000031969
0.000039465
0.000047749
0.000056821
0.000066681
0.000077326
0.000088759
0.000100977
0.000113981
0.000127769
0.000142342
0.000157698
0.000173837
0.000190758
0.000208461
0.000226945
0.000246208
0.000266251
0.000287072
0.000308669
0.000331044
0.000354193
0.000378116
0.000402813
0.000428282
0.000454521
0.000481530
0.000509307
0.000537852
0.000567162
0.000597236
0.000628073
0.000659672
0.000692030
0.000725147
0.000759021
0.000793650
0.000829032
0.000865166
0.000902049
0.000939681
0.000978060
0.001017182
0.001057047
0.001097652
0.001138996
0.001181075
0.001223889
0.001267435
0.001311710
0.001356713
0.001402441
0.001448891
0.001496062
0.001543950
0.001592553
0.001641869
0.001691895
0.001742629
0.001794066
0.001846206
0.001899044
0.001952579
0.002006806
0.002061724
0.002117328
0.002173617
0.002230586
0.002288233
0.002346554
0.002405547
0.002465207
0.002525531
0.002586516
0.002648158
0.002710454
0.002773399
0.002836991
0.002901226
0.002966099
0.003031607
0.003097747
0.003164513
0.003231902
0.003299910
0.003368533
0.003437766
0.003507605
0.003578046
0.003649085
0.003720717
0.003792938
0.003865742
0.003939126
0.004013085
0.004087614
0.004162708
0.004238362
0.004314571
0.004391332
0.004468637
0.004546483
0.004624864
0.004703775
0.004783210
0.004863165
0.004943633
0.005024610
0.005106090
0.005188067
0.005270536
0.005353490
0.005436925
0.005520834
0.005605211
0.005690050
0.005775346
0.005861092
0.005947282
0.006033910
0.006120969
0.006208453
0.006296356
0.006384671
0.006473392
0.006562511
0.006652023
0.006741921
0.006832197
0.006922845
0.007013858
0.007105228
0.007196950
0.007289015
0.007381416
0.007474146
0.007567199
0.007660565
0.007754238
0.007848210
0.007942474
0.008037022
0.008131846
0.008226938
0.008322291
0.008417896
0.008513746
0.008609832
0.008706146
0.008802679
0.008899425
0.008996374
0.009093517
0.009190847
0.009288354
0.009386031
0.009483868
0.009581856
0.009679987
0.009778252
0.009876642
0.009975147
0.010073759
0.010172469
0.010271266
0.010370143
0.010469088
0.010568094
0.010667150
0.010766247
0.010865375
0.010964525
0.011063686
0.011162848
0.011262003
0.011361139
0.011460247
0.011559316
0.011658337
0.011757298
0.011856190
0.011955003
0.012053725
0.012152346
0.012250856
0.012349243
0.012447498
0.012545609
0.012643565
0.012741355
0.012838969
0.012936395
0.013033623
0.013130640
0.013227435
0.013323998
0.013420317
0.013516380
0.013612175
0.013707692
0.013802918
0.013897842
0.013992451
0.014086735
0.014180680
0.014274275
0.014367509
0.014460368
0.014552840
0.014644914
0.014736577
0.014827816
0.014918620
0.015008975
0.015098869
0.015188289
0.015277223
0.015365658
0.015453581
0.015540980
0.015627840
0.015714150
0.015799895
0.015885064
0.015969643
0.016053618
0.016136977
0.016219705
0.016301790
0.016383219
0.016463976
0.016544050
0.016623426
0.016702090
0.016780030
0.016857230
0.016933678
0.017009359
0.017084259
0.017158364
0.017231661
0.017304135
0.017375771
0.017446557
0.017516476
0.017585516
0.017653662
0.017720898
0.017787212
0.017852588
0.017917011
0.017980468
0.018042943
0.018104422
0.018164889
0.018224331
0.018282732
0.018340078
0.018396353
0.018451542
0.018505631
0.018558605
0.018610447
0.018661144
0.018710680
0.018759040
0.018806208
0.018852170
0.018896909
0.018940411
0.018982661
0.019023641
0.019063339
0.019101737
0.019138820
0.019174573
0.019208980
0.019242025
0.019273693
0.019303969
0.019332835
0.019360278
0.019386280
0.019410826
0.019433901
0.019455488
0.019475571
0.019494136
0.019511165
0.019526643
0.019540554
0.019552881
0.019563610
0.019572724
0.019580206
0.019586042
0.019590214
0.019592707
0.019593505
0.019592592
0.019589951
0.019585566
0.019579422
0.019571502
0.019561790
0.019550269
0.019536925
0.019521740
0.019504699
0.019485785
0.019464982
0.019442274
0.019417645
0.019391079
0.019362559
0.019332070
0.019299595
0.019265118
0.019228623
0.019190094
0.019149515
0.019106869
0.019062142
0.019015315
0.018966375
0.018915303
0.018862086
0.018806705
0.018749146
0.018689393
0.018627429
0.018563239
0.018496806
0.018428115
0.018357150
0.018283896
0.018208336
0.018130454
0.018050235
0.017967664
0.017882724
0.017795400
0.017705676
0.017613537
0.017518967
0.017421951
0.017322474
0.017220519
0.017116072
0.017009117
0.016899639
0.016787622
0.016673053
0.016555915
0.016436194
0.016313874
0.016188940
0.016061378
0.015931173
0.015798310
0.015662775
0.015524552
0.015383627
0.015239986
0.015093613
0.014944496
0.014792619
0.014637968
0.014480529
0.014320289
0.014157232
0.013991344
0.013822613
0.013651025
0.013476565
0.013299219
0.013118976
0.012935820
0.012749739
0.012560719
0.012368748
0.012173811
0.011975897
0.011774991
0.011571083
0.011364157
0.011154203
0.010941208
0.010725158
0.010506043
0.010283849
0.010058565
0.009830179
0.009598679
0.009364052
0.009126288
0.008885376
0.008641302
0.008394057
0.008143630
0.007890008
0.007633182
0.007373140
0.007109872
0.006843368
0.006573616
0.006300608
0.006024332
0.005744779
0.005461938
0.005175801
0.004886358
0.004593598
0.004297514
0.003998096
0.003695335
0.003389222
0.003079748
0.002766906
0.002450686
0.002131081
0.001808082
0.001481682
0.001151873
0.000818648
0.000481999
0.000141918
-0.000201600
-0.000548564
-0.000898979
-0.001252852
-0.001610189
-0.001970997
-0.002335281
-0.002703048
-0.003074302
-0.003449049
-0.003827295
-0.004209044
-0.004594301
-0.004983071
-0.005375359
-0.005771167
-0.006170502
-0.006573365
-0.006979761
-0.007389694
-0.007803166
-0.008220181
-0.008640741
-0.009064848
-0.009492506
-0.009923717
-0.010358481
-0.010796802
-0.011238679
-0.011684116
-0.012133112
-0.012585669
-0.013041787
-0.013501466
-0.013964707
-0.014431509
-0.014901872
-0.015375795
-0.015853278
-0.016334320
-0.016818918
-0.017307072
-0.017798780
-0.018294040
-0.018792848
-0.019295204
-0.019801103
-0.020310543
-0.020823521
-0.021340033
-0.021860074
-0.022383641
-0.022910730
-0.023441336
-0.023975453
-0.024513077
-0.025054202
-0.025598823
-0.026146933
-0.026698526
-0.027253595
-0.027812135
-0.028374136
-0.028939593
-0.029508497
-0.030080841
-0.030656615
-0.031235812
-0.031818423
-0.032404438
-0.032993848
-0.033586644
-0.034182814
-0.034782349
-0.035385239
-0.035991472
-0.036601036
-0.037213922
-0.037830115
-0.038449605
-0.039072379
-0.039698424
-0.040327726
-0.040960273
-0.041596051
-0.042235045
-0.042877242
-0.043522626
-0.044171182
-0.044822896
-0.045477751
-0.046135732
-0.046796821
-0.047461003
-0.048128261
-0.048798576
-0.049471932
-0.050148310
-0.050827693
-0.051510060
-0.052195394
-0.052883675
-0.053574884
-0.054269000
-0.054966002
-0.055665871
-0.056368585
-0.057074123
-0.057782463
-0.058493583
-0.059207460
-0.059924072
-0.060643395
-0.061365406
-0.062090081
-0.062817396
-0.063547326
-0.064279846
-0.065014932
-0.065752556
-0.066492695
-0.067235320
-0.067980405
-0.068727924
-0.069477848
-0.070230150
-0.070984802
-0.071741775
-0.072501040
-0.073262568
-0.074026329
-0.074792293
-0.075560430
-0.076330710
-0.077103100
-0.077877570
-0.078654087
-0.079432620
-0.080213135
-0.080995600
-0.081779981
-0.082566245
-0.083354358
-0.084144285
-0.084935990
-0.085729440
-0.086524598
-0.087321428
-0.088119895
-0.088919960
-0.089721588
-0.090524741
-0.091329380
-0.092135468
-0.092942966
-0.093751834
-0.094562035
-0.095373527
-0.096186271
-0.097000226
-0.097815351
-0.098631606
-0.099448948
-0.100267336
-0.101086726
-0.101907077
-0.102728345
-0.103550487
-0.104373459
-0.105197217
-0.106021715
-0.106846909
-0.107672754
-0.108499204
-0.109326213
-0.110153733
-0.110981720
-0.111810124
-0.112638899
-0.113467997
-0.114297369
-0.115126966
-0.115956741
-0.116786642
-0.117616620
-0.118446626
-0.119276609
-0.120106517
-0.120936300
-0.121765906
-0.122595282
-0.123424378
-0.124253139
-0.125081514
-0.125909448
-0.126736888
-0.127563780
-0.128390069
-0.129215701
-0.130040620
-0.130864771
-0.131688099
-0.132510547
-0.133332058
-0.134152576
-0.134972043
-0.135790403
-0.136607597
-0.137423567
-0.138238254
-0.139051600
-0.139863546
-0.140674032
-0.141482998
-0.142290384
-0.143096130
-0.143900175
-0.144702458
-0.145502918
-0.146301492
-0.147098119
-0.147892737
-0.148685283
-0.149475693
-0.150263906
-0.151049857
-0.151833483
-0.152614719
-0.153393501
-0.154169764
-0.154943445
-0.155714476
-0.156482793
-0.157248331
-0.158011022
-0.158770801
-0.159527602
-0.160281357
-0.161031999
-0.161779461
-0.162523675
-0.163264574
-0.164002090
-0.164736153
-0.165466696
-0.166193650
-0.166916945
-0.167636513
-0.168352284
-0.169064188
-0.169772156
-0.170476116
-0.171176000
-0.171871736
-0.172563253
-0.173250481
-0.173933348
-0.174611783
-0.175285715
-0.175955071
-0.176619780
-0.177279771
-0.177934969
-0.178585304
-0.179230703
-0.179871092
-0.180506399
-0.181136551
-0.181761475
-0.182381097
-0.182995344
-0.183604143
-0.184207419
-0.184805098
-0.185397108
-0.185983373
-0.186563820
-0.187138375
-0.187706962
-0.188269507
-0.188825937
-0.189376175
-0.189920148
-0.190457781
-0.190988999
-0.191513726
-0.192031889
-0.192543411
-0.193048218
-0.193546234
-0.194037386
-0.194521596
-0.194998790
-0.195468894
-0.195931830
-0.196387526
-0.196835904
-0.197276890
-0.197710408
-0.198136384
-0.198554742
-0.198965407
-0.199368303
-0.199763356
-0.200150491
-0.200529632
-0.200900705
-0.201263634
-0.201618345
-0.201964764
-0.202302814
-0.202632423
-0.202953514
-0.203266015
-0.203569850
-0.203864946
-0.204151228
-0.204428622
-0.204697055
-0.204956454
-0.205206743
-0.205447851
-0.205679704
-0.205902229
-0.206115353
-0.206319004
-0.206513108
-0.206697595
-0.206872390
-0.207037424
-0.207192624
-0.207337918
-0.207473236
-0.207598506
-0.207713658
-0.207818622
-0.207913326
-0.207997702
-0.208071679
-0.208135189
-0.208188161
-0.208230528
-0.208262220
-0.208283170
-0.208293310
-0.208292571
-0.208280888
-0.208258193
-0.208224419
-0.208179501
-0.208123372
-0.208055968
-0.207977223
-0.207887072
-0.207785451
-0.207672297
-0.207547546
-0.207411134
-0.207263001
-0.207103082
-0.206931316
-0.206747643
-0.206552001
-0.206344331
-0.206124571
-0.205892663
-0.205648548
-0.205392168
-0.205123464
-0.204842380
-0.204548857
-0.204242842
-0.203924276
-0.203593105
-0.203249275
-0.202892731
-0.202523420
-0.202141289
-0.201746286
-0.201338358
-0.200917455
-0.200483526
-0.200036520
-0.199576390
-0.199103086
-0.198616560
-0.198116765
-0.197603655
-0.197077182
-0.196537302
-0.195983971
-0.195417144
-0.194836778
-0.194242830
-0.193635259
-0.193014024
-0.192379084
-0.191730400
-0.191067933
-0.190391644
-0.189701498
-0.188997456
-0.188279484
-0.187547547
-0.186801610
-0.186041640
-0.185267604
-0.184479472
-0.183677212
-0.182860794
-0.182030189
-0.181185369
-0.180326307
-0.179452975
-0.178565350
-0.177663405
-0.176747117
-0.175816463
-0.174871422
-0.173911971
-0.172938092
-0.171949765
-0.170946971
-0.169929695
-0.168897918
-0.167851626
-0.166790805
-0.165715442
-0.164625524
-0.163521039
-0.162401979
-0.161268332
-0.160120092
-0.158957251
-0.157779802
-0.156587741
-0.155381065
-0.154159769
-0.152923851
-0.151673313
-0.150408152
-0.149128372
-0.147833974
-0.146524963
-0.145201342
-0.143863118
-0.142510298
-0.141142890
-0.139760903
-0.138364349
-0.136953237
-0.135527582
-0.134087398
-0.132632699
-0.131163502
-0.129679825
-0.128181685
-0.126669105
-0.125142103
-0.123600704
-0.122044930
-0.120474807
-0.118890361
-0.117291619
-0.115678609
-0.114051363
-0.112409910
-0.110754284
-0.109084518
-0.107400648
-0.105702708
-0.103990739
-0.102264777
-0.100524863
-0.098771040
-0.097003349
-0.095221836
-0.093426545
-0.091617523
-0.089794819
-0.087958483
-0.086108564
-0.084245116
-0.082368192
-0.080477846
-0.078574136
-0.076657119
-0.074726855
-0.072783402
-0.070826825
-0.068857185
-0.066874547
-0.064878978
-0.062870545
-0.060849316
-0.058815363
-0.056768756
-0.054709569
-0.052637876
-0.050553753
-0.048457278
-0.046348529
-0.044227586
-0.042094532
-0.039949448
-0.037792421
-0.035623535
-0.033442878
-0.031250539
-0.029046608
-0.026831177
-0.024604339
-0.022366189
-0.020116822
-0.017856337
-0.015584832
-0.013302408
-0.011009166
-0.008705210
-0.006390645
-0.004065576
-0.001730113
0.000615636
0.002971561
0.005337549
0.007713487
0.010099260
0.012494750
0.014899841
0.017314413
0.019738345
0.022171514
0.024613798
0.027065069
0.029525203
0.031994071
0.034471542
0.036957487
0.039451773
0.041954265
0.044464828
0.046983326
0.049509621
0.052043572
0.054585038
0.057133877
0.059689945
0.062253097
0.064823186
0.067400062
0.069983578
0.072573582
0.075169920
0.077772441
0.080380987
0.082995403
0.085615530
0.088241210
0.090872281
0.093508581
0.096149946
0.098796212
0.101447213
0.104102780
0.106762746
0.109426939
0.112095188
0.114767320
0.117443161
0.120122535
0.122805266
0.125491175
0.128180082
0.130871808
0.133566170
0.136262985
0.138962067
0.141663233
0.144366294
0.147071062
0.149777348
0.152484960
0.155193709
0.157903399
0.160613837
0.163324827
0.166036173
0.168747677
0.171459140
0.174170362
0.176881141
0.179591276
0.182300563
0.185008798
0.187715775
0.190421287
0.193125126
0.195827085
0.198526952
0.201224518
0.203919570
0.206611896
0.209301281
0.211987512
0.214670372
0.217349644
0.220025111
0.222696555
0.225363755
0.228026493
0.230684545
0.233337691
0.235985708
0.238628371
0.241265457
0.243896739
0.246521992
0.249140988
0.251753501
0.254359301
0.256958159
0.259549846
0.262134131
0.264710783
0.267279570
0.269840259
0.272392618
0.274936412
0.277471407
0.279997369
0.282514061
0.285021248
0.287518694
0.290006160
0.292483411
0.294950207
0.297406311
0.299851483
0.302285485
0.304708076
0.307119017
0.309518068
0.311904987
0.314279534
0.316641467
0.318990546
0.321326527
0.323649171
0.325958233
0.328253471
0.330534644
0.332801509
0.335053822
0.337291341
0.339513823
0.341721025
0.343912703
0.346088615
0.348248518
0.350392169
0.352519324
0.354629741
0.356723177
0.358799390
0.360858137
0.362899175
0.364922263
0.366927159
0.368913620
0.370881406
0.372830276
0.374759989
0.376670304
0.378560981
0.380431782
0.382282465
0.384112793
0.385922528
0.387711431
0.389479265
0.391225794
0.392950781
0.394653990
0.396335187
0.397994138
0.399630607
0.401244364
0.402835174
0.404402808
0.405947033
0.407467621
0.408964341
0.410436967
0.411885269
0.413309023
0.414708002
0.416081982
0.417430739
0.418754051
0.420051696
0.421323454
0.422569106
0.423788432
0.424981217
0.426147245
0.427286299
0.428398168
0.429482640
0.430539502
0.431568546
0.432569564
0.433542348
0.434486693
0.435402395
0.436289253
0.437147063
0.437975628
0.438774749
0.439544230
0.440283876
0.440993493
0.441672891
0.442321879
0.442940269
0.443527875
0.444084513
0.444609999
0.445104152
0.445566794
0.445997747
0.446396835
0.446763887
0.447098729
0.447401192
0.447671110
0.447908316
0.448112648
0.448283945
0.448422046
0.448526797
0.448598041
0.448635626
0.448639402
0.448609222
0.448544940
0.448446412
0.448313497
0.448146057
0.447943957
0.447707061
0.447435239
0.447128362
0.446786305
0.446408943
0.445996155
0.445547823
0.445063832
0.444544067
0.443988419
0.443396780
0.442769044
0.442105110
0.441404878
0.440668251
0.439895136
0.439085441
0.438239079
0.437355964
0.436436015
0.435479152
0.434485299
0.433454383
0.432386333
0.431281082
0.430138568
0.428958727
0.427741504
0.426486844
0.425194694
0.423865007
0.422497738
0.421092846
0.419650291
0.418170040
0.416652059
0.415096321
0.413502802
0.411871478
0.410202332
0.408495349
0.406750519
0.404967832
0.403147285
0.401288877
0.399392610
0.397458492
0.395486531
0.393476742
0.391429141
0.389343749
0.387220590
0.385059693
0.382861089
0.380624814
0.378350907
0.376039411
0.373690372
0.371303841
0.368879873
0.366418525
0.363919859
0.361383941
0.358810841
0.356200631
0.353553391
0.350869200
0.348148143
0.345390311
0.342595796
0.339764695
0.336897109
0.333993142
0.331052905
0.328076509
0.325064072
0.322015714
0.318931562
0.315811742
0.312656390
0.309465641
0.306239638
0.302978525
0.299682451
0.296351571
0.292986041
0.289586024
0.286151685
0.282683194
0.279180725
0.275644457
0.272074571
0.268471254
0.264834696
0.261165092
0.257462642
0.253727547
0.249960016
0.246160259
0.242328492
0.238464934
0.234569810
0.230643347
0.226685776
0.222697336
0.218678265
0.214628808
0.210549214
0.206439736
0.202300630
0.198132158
0.193934585
0.189708180
0.185453216
0.181169972
0.176858728
0.172519771
0.168153391
0.163759880
0.159339538
0.154892666
0.150419570
0.145920561
0.141395953
0.136846064
0.132271216
0.127671735
0.123047952
0.118400200
0.113728819
0.109034149
0.104316537
0.099576334
0.094813892
0.090029569
0.085223728
0.080396733
0.075548953
0.070680762
0.065792537
0.060884658
0.055957509
0.051011479
0.046046960
0.041064346
0.036064037
0.031046437
0.026011950
0.020960988
0.015893963
0.010811294
0.005713400
0.000600705
-0.004526362
-0.009667370
-0.014821886
-0.019989472
-0.025169686
-0.030362083
-0.035566217
-0.040781636
-0.046007886
-0.051244509
-0.056491044
-0.061747029
-0.067011996
-0.072285475
-0.077566994
-0.082856076
-0.088152243
-0.093455012
-0.098763900
-0.104078418
-0.109398077
-0.114722383
-0.120050840
-0.125382950
-0.130718212
-0.136056122
-0.141396173
-0.146737858
-0.152080664
-0.157424077
-0.162767583
-0.168110661
-0.173452792
-0.178793452
-0.184132116
-0.189468257
-0.194801344
-0.200130847
-0.205456231
-0.210776962
-0.216092501
-0.221402309
-0.226705845
-0.232002565
-0.237291925
-0.242573379
-0.247846378
-0.253110373
-0.258364812
-0.263609144
-0.268842813
-0.274065265
-0.279275943
-0.284474288
-0.289659743
-0.294831745
-0.299989735
-0.305133150
-0.310261427
-0.315374000
-0.320470306
-0.325549779
-0.330611851
-0.335655956
-0.340681525
-0.345687991
-0.350674784
-0.355641336
-0.360587076
-0.365511435
-0.370413842
-0.375293728
-0.380150521
-0.384983651
-0.389792549
-0.394576642
-0.399335361
-0.404068137
-0.408774399
-0.413453578
-0.418105105
-0.422728412
-0.427322930
-0.431888092
-0.436423333
-0.440928085
-0.445401783
-0.449843865
-0.454253766
-0.458630924
-0.462974778
-0.467284768
-0.471560337
-0.475800925
-0.480005978
-0.484174941
-0.488307261
-0.492402386
-0.496459767
-0.500478855
-0.504459105
-0.508399973
-0.512300915
-0.516161393
-0.519980866
-0.523758800
-0.527494661
-0.531187916
-0.534838038
-0.538444499
-0.542006776
-0.545524346
-0.548996692
-0.552423297
-0.555803648
-0.559137234
-0.562423549
-0.565662088
-0.568852350
-0.571993838
-0.575086055
-0.578128513
-0.581120722
-0.584062198
-0.586952460
-0.589791032
-0.592577440
-0.595311214
-0.597991889
-0.600619004
-0.603192099
-0.605710722
-0.608174423
-0.610582758
-0.612935284
-0.615231566
-0.617471172
-0.619653673
-0.621778648
-0.623845678
-0.625854349
-0.627804254
-0.629694987
-0.631526151
-0.633297352
-0.635008201
-0.636658314
-0.638247315
-0.639774829
-0.641240489
-0.642643934
-0.643984807
-0.645262758
-0.646477441
-0.647628517
-0.648715652
-0.649738518
-0.650696795
-0.651590167
-0.652418323
-0.653180960
-0.653877782
-0.654508497
-0.655072821
-0.655570476
-0.656001189
-0.656364697
-0.656660740
-0.656889067
-0.657049433
-0.657141599
-0.657165334
-0.657120414
-0.657006621
-0.656823744
-0.656571581
-0.656249935
-0.655858618
-0.655397447
-0.654866249
-0.654264856
-0.653593110
-0.652850857
-0.652037954
-0.651154264
-0.650199658
-0.649174015
-0.648077221
-0.646909169
-0.645669763
-0.644358912
-0.642976535
-0.641522557
-0.639996912
-0.638399543
-0.636730400
-0.634989442
-0.633176635
-0.631291955
-0.629335385
-0.627306917
-0.625206551
-0.623034296
-0.620790170
-0.618474197
-0.616086413
-0.613626860
-0.611095590
-0.608492664
-0.605818150
-0.603072126
-0.600254678
-0.597365903
-0.594405903
-0.591374794
-0.588272695
-0.585099739
-0.581856064
-0.578541821
-0.575157166
-0.571702266
-0.568177299
-0.564582447
-0.560917906
-0.557183878
-0.553380577
-0.549508222
-0.545567045
-0.541557286
-0.537479193
-0.533333025
-0.529119048
-0.524837539
-0.520488784
-0.516073078
-0.511590724
-0.507042037
-0.502427339
-0.497746961
-0.493001246
-0.488190542
-0.483315210
-0.478375618
-0.473372145
-0.468305177
-0.463175112
-0.457982354
-0.452727319
-0.447410431
-0.442032122
-0.436592836
-0.431093024
-0.425533147
-0.419913674
-0.414235084
-0.408497865
-0.402702515
-0.396849539
-0.390939452
-0.384972779
-0.378950053
-0.372871815
-0.366738617
-0.360551018
-0.354309587
-0.348014901
-0.341667546
-0.335268118
-0.328817220
-0.322315464
-0.315763471
-0.309161871
-0.302511302
-0.295812410
-0.289065850
-0.282272286
-0.275432390
-0.268546841
-0.261616328
-0.254641548
-0.247623204
-0.240562011
-0.233458688
-0.226313965
-0.219128577
-0.211903271
-0.204638798
-0.197335918
-0.189995399
-0.182618016
-0.175204553
-0.167755799
-0.160272553
-0.152755620
-0.145205811
-0.137623947
-0.130010854
-0.122367366
-0.114694323
-0.106992573
-0.099262970
-0.091506375
-0.083723656
-0.075915686
-0.068083347
-0.060227524
-0.052349112
-0.044449009
-0.036528122
-0.028587360
-0.020627642
-0.012649891
-0.004655036
0.003355990
0.011382246
0.019422786
0.027476661
0.035542915
0.043620587
0.051708710
0.059806314
0.067912424
0.076026060
0.084146236
0.092271964
0.100402250
0.108536097
0.116672503
0.124810463
0.132948965
0.141086999
0.149223546
0.157357586
0.165488096
0.173614048
0.181734412
0.189848156
0.197954243
0.206051635
0.214139291
0.222216166
0.230281215
0.238333389
0.246371638
0.254394909
0.262402149
0.270392302
0.278364310
0.286317115
0.294249656
0.302160872
0.310049702
0.317915083
0.325755950
0.333571240
0.341359888
0.349120829
0.356852999
0.364555332
0.372226764
0.379866230
0.387472667
0.395045010
0.402582198
0.410083169
0.417546862
0.424972219
0.432358180
0.439703690
0.447007695
0.454269140
0.461486975
0.468660152
0.475787624
0.482868347
0.489901280
0.496885384
0.503819623
0.510702965
0.517534381
0.524312844
0.531037333
0.537706827
0.544320314
0.550876782
0.557375224
0.563814638
0.570194027
0.576512397
0.582768761
0.588962134
0.595091540
0.601156005
0.607154562
0.613086249
0.618950110
0.624745197
0.630470564
0.636125274
0.641708396
0.647219006
0.652656186
0.658019024
0.663306618
0.668518070
0.673652492
0.678709001
0.683686723
0.688584794
0.693402353
0.698138552
0.702792548
0.707363509
0.711850610
0.716253035
0.720569978
0.724800640
0.728944232
0.732999977
0.736967104
0.740844853
0.744632475
0.748329229
0.751934385
0.755447223
0.758867035
0.762193122
0.765424796
0.768561379
0.771602206
0.774546622
0.777393983
0.780143656
0.782795022
0.785347472
0.787800408
0.790153245
0.792405410
0.794556343
0.796605495
0.798552330
0.800396325
0.802136969
0.803773766
0.805306230
0.806733889
0.808056287
0.809272977
0.810383530
0.811387526
0.812284562
0.813074248
0.813756208
0.814330081
0.814795517
0.815152183
0.815399761
0.815537945
0.815566446
0.815484988
0.815293311
0.814991169
0.814578332
0.814054584
0.813419724
0.812673568
0.811815946
0.810846704
0.809765703
0.808572820
0.807267949
0.805850996
0.804321887
0.802680562
0.800926978
0.799061106
0.797082935
0.794992469
0.792789731
0.790474757
0.788047600
0.785508332
0.782857039
0.780093823
0.777218806
0.774232123
0.771133927
0.767924390
0.764603697
0.761172051
0.757629675
0.753976804
0.750213694
0.746340615
0.742357855
0.738265721
0.734064533
0.729754632
0.725336374
0.720810132
0.716176296
0.711435275
0.706587492
0.701633390
0.696573428
0.691408081
0.686137842
0.680763222
0.675284747
0.669702963
0.664018429
0.658231724
0.652343444
0.646354201
0.640264623
0.634075358
0.627787067
0.621400430
0.614916144
0.608334923
0.601657495
0.594884609
0.588017026
0.581055527
0.574000908
0.566853982
0.559615577
0.552286540
0.544867732
0.537360030
0.529764328
0.522081537
0.514312582
0.506458404
0.498519962
0.490498229
0.482394192
0.474208856
0.465943241
0.457598382
0.449175328
0.440675145
0.432098913
0.423447727
0.414722696
0.405924946
0.397055613
0.388115853
0.379106832
0.370029731
0.360885747
0.351676089
0.342401980
0.333064656
0.323665368
0.314205380
0.304685967
0.295108419
0.285474039
0.275784141
0.266040054
0.256243117
0.246394682
0.236496112
0.226548785
0.216554087
0.206513418
0.196428188
0.186299818
0.176129741
0.165919399
0.155670247
0.145383748
0.135061378
0.124704619
0.114314966
0.103893922
0.093443001
0.082963723
0.072457621
0.061926234
0.051371110
0.040793806
0.030195885
0.019578921
0.008944494
-0.001705809
-0.012370394
-0.023047659
-0.033735995
-0.044433788
-0.055139417
-0.065851255
-0.076567669
-0.087287021
-0.098007668
-0.108727962
-0.119446248
-0.130160869
-0.140870164
-0.151572465
-0.162266105
-0.172949408
-0.183620700
-0.194278299
-0.204920525
-0.215545693
-0.226152116
-0.236738105
-0.247301970
-0.257842020
-0.268356562
-0.278843902
-0.289302347
-0.299730202
-0.310125772
-0.320487365
-0.330813286
-0.341101844
-0.351351346
-0.361560102
-0.371726426
-0.381848630
-0.391925030
-0.401953945
-0.411933697
-0.421862610
-0.431739013
-0.441561236
-0.451327617
-0.461036495
-0.470686215
-0.480275126
-0.489801584
-0.499263948
-0.508660585
-0.517989868
-0.527250174
-0.536439888
-0.545557403
-0.554601119
-0.563569442
-0.572460786
-0.581273575
-0.590006240
-0.598657222
-0.607224968
-0.615707937
-0.624104598
-0.632413427
-0.640632913
-0.648761555
-0.656797861
-0.664740352
-0.672587558
-0.680338024
-0.687990305
-0.695542967
-0.702994590
-0.710343768
-0.717589105
-0.724729220
-0.731762746
-0.738688329
-0.745504630
-0.752210324
-0.758804100
-0.765284664
-0.771650735
-0.777901049
-0.784034358
-0.790049428
-0.795945043
-0.801720005
-0.807373130
-0.812903253
-0.818309225
-0.823589917
-0.828744215
-0.833771025
-0.838669272
-0.843437897
-0.848075863
-0.852582149
-0.856955757
-0.861195706
-0.865301036
-0.869270806
-0.873104096
-0.876800008
-0.880357662
-0.883776201
-0.887054789
-0.890192611
-0.893188874
-0.896042806
-0.898753658
-0.901320703
-0.903743237
-0.906020579
-0.908152068
-0.910137070
-0.911974973
-0.913665186
-0.915207145
-0.916600308
-0.917844158
-0.918938201
-0.919881969
-0.920675016
-0.921316922
-0.921807294
-0.922145760
-0.922331976
-0.922365622
-0.922246403
-0.921974051
-0.921548324
-0.920969002
-0.920235896
-0.919348840
-0.918307695
-0.917112347
-0.915762711
-0.914258727
-0.912600360
-0.910787605
-0.908820482
-0.906699036
-0.904423343
-0.901993503
-0.899409645
-0.896671922
-0.893780518
-0.890735642
-0.887537531
-0.884186449
-0.880682689
-0.877026568
-0.873218434
-0.869258662
-0.865147652
-0.860885834
-0.856473665
-0.851911629
-0.847200238
-0.842340032
-0.837331578
-0.832175471
-0.826872332
-0.821422812
-0.815827588
-0.810087365
-0.804202874
-0.798174875
-0.792004156
-0.785691530
-0.779237839
-0.772643950
-0.765910761
-0.759039192
-0.752030195
-0.744884744
-0.737603844
-0.730188525
-0.722639841
-0.714958877
-0.707146741
-0.699204568
-0.691133521
-0.682934786
-0.674609577
-0.666159133
-0.657584717
-0.648887621
-0.640069158
-0.631130670
-0.622073521
-0.612899101
-0.603608825
-0.594204131
-0.584686482
-0.575057365
-0.565318292
-0.555470796
-0.545516436
-0.535456792
-0.525293468
-0.515028091
-0.504662310
-0.494197796
-0.483636244
-0.472979368
-0.462228905
-0.451386614
-0.440454272
-0.429433682
-0.418326662
-0.407135053
-0.395860716
-0.384505531
-0.373071398
-0.361560235
-0.349973979
-0.338314588
-0.326584033
-0.314784308
-0.302917422
-0.290985401
-0.278990289
-0.266934145
-0.254819047
-0.242647085
-0.230420369
-0.218141019
-0.205811175
-0.193432988
-0.181008625
-0.168540264
-0.156030100
-0.143480339
-0.130893200
-0.118270914
-0.105615723
-0.092929883
-0.080215658
-0.067475326
-0.054711172
-0.041925493
-0.029120594
-0.016298792
-0.003462408
0.009386226
0.022244768
0.035110874
0.047982189
0.060856352
0.073730997
0.086603752
0.099472239
0.112334077
0.125186878
0.138028253
0.150855807
0.163667144
0.176459864
0.189231566
0.201979846
0.214702300
0.227396524
0.240060111
0.252690657
0.265285758
0.277843009
0.290360009
0.302834359
0.315263662
0.327645523
0.339977551
0.352257362
0.364482571
0.376650802
0.388759683
0.400806848
0.412789937
0.424706598
0.436554485
0.448331260
0.460034594
0.471662167
0.483211665
0.494680789
0.506067247
0.517368756
0.528583048
0.539707865
0.550740960
0.561680101
0.572523065
0.583267648
0.593911655
0.604452908
0.614889244
0.625218515
0.635438588
0.645547348
0.655542696
0.665422550
0.675184846
0.684827539
0.694348600
0.703746022
0.713017818
0.722162018
0.731176674
0.740059860
0.748809669
0.757424219
0.765901648
0.774240116
0.782437808
0.790492931
0.798403718
0.806168425
0.813785333
0.821252747
0.828568999
0.835732449
0.842741479
0.849594501
0.856289954
0.862826303
0.869202043
0.875415695
0.881465813
0.887350975
0.893069792
0.898620904
0.904002982
0.909214724
0.914254865
0.919122166
0.923815422
0.928333460
0.932675139
0.936839350
0.940825019
0.944631102
0.948256592
0.951700514
0.954961926
0.958039923
0.960933634
0.963642222
0.966164886
0.968500860
0.970649415
0.972609857
0.974381528
0.975963808
0.977356113
0.978557894
0.979568643
0.980387887
0.981015190
0.981450156
0.981692425
0.981741676
0.981597627
0.981260034
0.980728690
0.980003429
0.979084123
0.977970685
0.976663063
0.975161248
0.973465270
0.971575196
0.969491137
0.967213239
0.964741691
0.962076721
0.959218596
0.956167625
0.952924154
0.949488573
0.945861310
0.942042831
0.938033647
0.933834304
0.929445393
0.924867540
0.920101417
0.915147730
0.910007229
0.904680704
0.899168982
0.893472934
0.887593466
0.881531528
0.875288106
0.868864230
0.862260964
0.855479416
0.848520731
0.841386092
0.834076724
0.826593887
0.818938882
0.811113048
0.803117763
0.794954440
0.786624533
0.778129533
0.769470968
0.760650402
0.751669437
0.742529713
0.733232904
0.723780723
0.714174916
0.704417267
0.694509593
0.684453749
0.674251622
0.663905136
0.653416247
0.642786946
0.632019257
0.621115237
0.610076977
0.598906599
0.587606258
0.576178140
0.564624462
0.552947473
0.541149452
0.529232709
0.517199580
0.505052436
0.492793671
0.480425712
0.467951012
0.455372051
0.442691336
0.429911402
0.417034808
0.404064140
0.391002010
0.377851051
0.364613924
0.351293312
0.337891919
0.324412475
0.310857730
0.297230455
0.283533444
0.269769509
0.255941482
0.242052216
0.228104582
0.214101466
0.200045777
0.185940436
0.171788382
0.157592570
0.143355970
0.129081566
0.114772357
0.100431352
0.086061577
0.071666067
0.057247869
0.042810040
0.028355648
0.013887771
-0.000590506
-0.015076088
-0.029565876
-0.044056761
-0.058545628
-0.073029359
-0.087504830
-0.101968912
-0.116418474
-0.130850383
-0.145261501
-0.159648692
-0.174008818
-0.188338741
-0.202635324
-0.216895432
-0.231115932
-0.245293694
-0.259425590
-0.273508499
-0.287539303
-0.301514892
-0.315432159
-0.329288007
-0.343079347
-0.356803096
-0.370456183
-0.384035546
-0.397538134
-0.410960906
-0.424300836
-0.437554908
-0.450720121
-0.463793488
-0.476772038
-0.489652814
-0.502432876
-0.515109302
-0.527679186
-0.540139643
-0.552487805
-0.564720826
-0.576835877
-0.588830155
-0.600700876
-0.612445279
-0.624060626
-0.635544205
-0.646893327
-0.658105328
-0.669177572
-0.680107448
-0.690892372
-0.701529790
-0.712017176
-0.722352032
-0.732531890
-0.742554315
-0.752416901
-0.762117275
-0.771653095
-0.781022054
-0.790221878
-0.799250325
-0.808105192
-0.816784309
-0.825285542
-0.833606794
-0.841746006
-0.849701156
-0.857470259
-0.865051373
-0.872442590
-0.879642047
-0.886647917
-0.893458418
-0.900071806
-0.906486382
-0.912700487
-0.918712508
-0.924520871
-0.930124051
-0.935520563
-0.940708970
-0.945687878
-0.950455940
-0.955011856
-0.959354369
-0.963482274
-0.967394409
-0.971089661
-0.974566967
-0.977825309
-0.980863721
-0.983681284
-0.986277129
-0.988650438
-0.990800441
-0.992726420
-0.994427708
-0.995903686
-0.997153790
-0.998177504
-0.998974367
-0.999543968
-0.999885947
-1.000000000
-0.999885872
-0.999543361
-0.998972321
-0.998172656
-0.997144324
-0.995887336
-0.994401758
-0.992687707
-0.990745355
-0.988574929
-0.986176708
-0.983551025
-0.980698267
-0.977618875
-0.974313345
-0.970782225
-0.967026118
-0.963045681
-0.958841624
-0.954414713
-0.949765764
-0.944895650
-0.939805296
-0.934495682
-0.928967839
-0.923222853
-0.917261863
-0.911086060
-0.904696688
-0.898095045
-0.891282480
-0.884260394
-0.877030241
-0.869593526
-0.861951806
-0.854106689
-0.846059834
-0.837812951
-0.829367798
-0.820726188
-0.811889978
-0.802861079
-0.793641448
-0.784233093
-0.774638068
-0.764858477
-0.754896470
-0.744754245
-0.734434045
-0.723938161
-0.713268930
-0.702428733
-0.691419996
-0.680245190
-0.668906828
-0.657407469
-0.645749712
-0.633936201
-0.621969619
-0.609852692
-0.597588185
-0.585178904
-0.572627694
-0.559937438
-0.547111059
-0.534151515
-0.521061802
-0.507844953
-0.494504034
-0.481042149
-0.467462433
-0.453768056
-0.439962222
-0.426048163
-0.412029146
-0.397908467
-0.383689452
-0.369375455
-0.354969861
-0.340476079
-0.325897546
-0.311237725
-0.296500106
-0.281688199
-0.266805540
-0.251855689
-0.236842225
-0.221768748
-0.206638880
-0.191456262
-0.176224551
-0.160947423
-0.145628572
-0.130271705
-0.114880546
-0.099458830
-0.084010309
-0.068538743
-0.053047907
-0.037541583
-0.022023565
-0.006497652
0.009032346
0.024562615
0.040089334
0.055608678
0.071116819
0.086609925
0.102084162
0.117535698
0.132960698
0.148355330
0.163715763
0.179038171
0.194318730
0.209553622
0.224739035
0.239871164
0.254946212
0.269960391
0.284909923
0.299791040
0.314599988
0.329333024
0.343986419
0.358556461
0.373039450
0.387431707
0.401729568
0.415929388
0.430027542
0.444020428
0.457904461
0.471676083
0.485331757
0.498867970
0.512281238
0.525568100
0.538725123
0.551748903
0.564636065
0.577383264
0.589987186
0.602444549
0.614752104
0.626906636
0.638904964
0.650743943
0.662420464
0.673931457
0.685273887
0.696444762
0.707441126
0.718260067
0.728898712
0.739354232
0.749623841
0.759704797
0.769594401
0.779290003
0.788788996
0.798088824
0.807186974
0.816080986
0.824768447
0.833246994
0.841514318
0.849568157
0.857406304
0.865026604
0.872426957
0.879605314
0.886559684
0.893288131
0.899788774
0.906059788
0.912099407
0.917905923
0.923477685
0.928813102
0.933910642
0.938768832
0.943386262
0.947761581
0.951893501
0.955780793
0.959422294
0.962816901
0.965963576
0.968861343
0.971509291
0.973906574
0.976052409
0.977946079
0.979586932
0.980974382
0.982107908
0.982987055
0.983611437
0.983980731
0.984094683
0.983953105
0.983555877
0.982902946
0.981994326
0.980830100
0.979410417
0.977735494
0.975805617
0.973621139
0.971182481
0.968490133
0.965544650
0.962346658
0.958896850
0.955195987
0.951244895
0.947044472
0.942595679
0.937899549
0.932957179
0.927769734
0.922338444
0.916664610
0.910749594
0.904594829
0.898201810
0.891572101
0.884707327
0.877609182
0.870279423
0.862719871
0.854932411
0.846918992
0.838681625
0.830222385
0.821543407
0.812646890
0.803535094
0.794210338
0.784675002
0.774931525
0.764982408
0.754830206
0.744477535
0.733927068
0.723181533
0.712243715
0.701116454
0.689802647
0.678305240
0.666627237
0.654771692
0.642741712
0.630540453
0.618171123
0.605636979
0.592941326
0.580087518
0.567078955
0.553919083
0.540611393
0.527159421
0.513566747
0.499836991
0.485973817
0.471980928
0.457862068
0.443621020
0.429261601
0.414787670
0.400203119
0.385511873
0.370717894
0.355825174
0.340837739
0.325759643
0.310594970
0.295347834
0.280022375
0.264622757
0.249153173
0.233617838
0.218020988
0.202366883
0.186659802
0.170904045
0.155103927
0.139263784
0.123387963
0.107480829
0.091546759
0.075590142
0.059615378
0.043626878
0.027629059
0.011626347
-0.004376827
-0.020376028
-0.036366814
-0.052344745
-0.068305378
-0.084244271
-0.100156982
-0.116039073
-0.131886111
-0.147693666
-0.163457317
-0.179172649
-0.194835257
-0.210440746
-0.225984733
-0.241462848
-0.256870735
-0.272204053
-0.287458478
-0.302629704
-0.317713444
-0.332705433
-0.347601425
-0.362397200
-0.377088559
-0.391671331
-0.406141370
-0.420494559
-0.434726810
-0.448834066
-0.462812299
-0.476657516
-0.490365758
-0.503933101
-0.517355656
-0.530629572
-0.543751038
-0.556716283
-0.569521574
-0.582163223
-0.594637584
-0.606941056
-0.619070084
-0.631021157
-0.642790815
-0.654375645
-0.665772284
-0.676977419
-0.687987790
-0.698800191
-0.709411467
-0.719818520
-0.730018307
-0.740007844
-0.749784202
-0.759344511
-0.768685963
-0.777805809
-0.786701362
-0.795369996
-0.803809150
-0.812016326
-0.819989091
-0.827725080
-0.835221990
-0.842477589
-0.849489711
-0.856256261
-0.862775211
-0.869044604
-0.875062554
-0.880827248
-0.886336942
-0.891589967
-0.896584726
-0.901319699
-0.905793436
-0.910004566
-0.913951790
-0.917633889
-0.921049716
-0.924198206
-0.927078366
-0.929689286
-0.932030130
-0.934100143
-0.935898648
-0.937425047
-0.938678822
-0.939659534
-0.940366825
-0.940800417
-0.940960112
-0.940845792
-0.940457421
-0.939795043
-0.938858783
-0.937648848
-0.936165525
-0.934409182
-0.932380269
-0.930079317
-0.927506936
-0.924663821
-0.921550745
-0.918168561
-0.914518205
-0.910600693
-0.906417120
-0.901968661
-0.897256574
-0.892282191
-0.887046929
-0.881552280
-0.875799817
-0.869791188
-0.863528123
-0.857012427
-0.850245981
-0.843230746
-0.835968756
-0.828462121
-0.820713027
-0.812723733
-0.804496574
-0.796033957
-0.787338361
-0.778412337
-0.769258509
-0.759879569
-0.750278282
-0.740457479
-0.730420061
-0.720168997
-0.709707321
-0.699038134
-0.688164603
-0.677089957
-0.665817490
-0.654350557
-0.642692575
-0.630847023
-0.618817437
-0.606607413
-0.594220603
-0.581660717
-0.568931519
-0.556036828
-0.542980516
-0.529766508
-0.516398777
-0.502881349
-0.489218296
-0.475413739
-0.461471846
-0.447396826
-0.433192936
-0.418864473
-0.404415776
-0.389851224
-0.375175234
-0.360392261
-0.345506795
-0.330523361
-0.315446517
-0.300280854
-0.285030992
-0.269701581
-0.254297298
-0.238822848
-0.223282957
-0.207682379
-0.192025886
-0.176318274
-0.160564355
-0.144768961
-0.128936938
-0.113073147
-0.097182464
-0.081269774
-0.065339973
-0.049397966
-0.033448665
-0.017496987
-0.001547853
0.014393814
0.030323089
0.046235048
0.062124771
0.077987338
0.093817838
0.109611366
0.125363023
0.141067924
0.156721192
0.172317964
0.187853393
0.203322646
0.218720911
0.234043391
0.249285312
0.264441924
0.279508497
0.294480330
0.309352746
0.324121099
0.338780770
0.353327174
0.367755758
0.382062003
0.396241426
0.410289581
0.424202062
0.437974502
0.451602576
0.465082002
0.478408544
0.491578008
0.504586252
0.517429180
0.530102746
0.542602956
0.554925868
0.567067597
0.579024308
0.590792227
0.602367637
0.613746879
0.624926354
0.635902528
0.646671926
0.657231138
0.667576821
0.677705696
0.687614553
0.697300250
0.706759714
0.715989944
0.724988010
0.733751055
0.742276295
0.750561022
0.758602604
0.766398484
0.773946183
0.781243301
0.788287518
0.795076593
0.801608366
0.807880760
0.813891778
0.819639509
0.825122124
0.830337880
0.835285119
0.839962269
0.844367843
0.848500442
0.852358757
0.855941564
0.859247729
0.862276208
0.865026043
0.867496371
0.869686416
0.871595493
0.873223010
0.874568464
0.875631444
0.876411632
0.876908802
0.877122818
0.877053638
0.876701313
0.876065986
0.875147890
0.873947354
0.872464799
0.870700737
0.868655772
0.866330604
0.863726020
0.860842903
0.857682227
0.854245055
0.850532545
0.846545944
0.842286589
0.837755909
0.832955422
0.827886737
0.822551549
0.816951645
0.811088897
0.804965268
0.798582805
0.791943643
0.785050002
0.777904187
0.770508589
0.762865681
0.754978019
0.746848242
0.738479071
0.729873306
0.721033827
0.711963593
0.702665642
0.693143087
0.683399119
0.673437001
0.663260074
0.652871749
0.642275508
0.631474908
0.620473570
0.609275189
0.597883522
0.586302396
0.574535701
0.562587390
0.550461481
0.538162049
0.525693232
0.513059224
0.500264278
0.487312702
0.474208856
0.460957156
0.447562066
0.434028103
0.420359830
0.406561858
0.392638842
0.378595483
0.364436521
0.350166739
0.335790959
0.321314039
0.306740873
0.292076391
0.277325553
0.262493351
0.247584806
0.232604968
0.217558909
0.202451728
0.187288546
0.172074504
0.156814762
0.141514497
0.126178901
0.110813180
0.095422552
0.080012244
0.064587492
0.049153538
0.033715630
0.018279016
0.002848947
-0.012569327
-0.027970558
-0.043349505
-0.058700930
-0.074019606
-0.089300313
-0.104537846
-0.119727011
-0.134862629
-0.149939540
-0.164952603
-0.179896695
-0.194766718
-0.209557599
-0.224264287
-0.238881764
-0.253405038
-0.267829150
-0.282149173
-0.296360216
-0.310457424
-0.324435981
-0.338291110
-0.352018076
-0.365612189
-0.379068801
-0.392383314
-0.405551175
-0.418567885
-0.431428993
-0.444130104
-0.456666876
-0.469035023
-0.481230319
-0.493248597
-0.505085748
-0.516737729
-0.528200560
-0.539470325
-0.550543176
-0.561415333
-0.572083086
-0.582542794
-0.592790890
-0.602823881
-0.612638347
-0.622230946
-0.631598412
-0.640737558
-0.649645277
-0.658318543
-0.666754410
-0.674950018
-0.682902590
-0.690609433
-0.698067943
-0.705275601
-0.712229977
-0.718928730
-0.725369609
-0.731550453
-0.737469194
-0.743123856
-0.748512556
-0.753633506
-0.758485012
-0.763065474
-0.767373390
-0.771407354
-0.775166057
-0.778648288
-0.781852934
-0.784778979
-0.787425509
-0.789791708
-0.791876860
-0.793680348
-0.795201658
-0.796440374
-0.797396182
-0.798068870
-0.798458326
-0.798564539
-0.798387600
-0.797927702
-0.797185139
-0.796160305
-0.794853697
-0.793265912
-0.791397650
-0.789249709
-0.786822989
-0.784118491
-0.781137314
-0.777880658
-0.774349824
-0.770546208
-0.766471307
-0.762126716
-0.757514126
-0.752635327
-0.747492202
-0.742086733
-0.736420995
-0.730497158
-0.724317486
-0.717884334
-0.711200150
-0.704267473
-0.697088934
-0.689667250
-0.682005229
-0.674105765
-0.665971839
-0.657606516
-0.649012948
-0.640194368
-0.631154092
-0.621895515
-0.612422114
-0.602737444
-0.592845136
-0.582748896
-0.572452508
-0.561959826
-0.551274777
-0.540401358
-0.529343636
-0.518105743
-0.506691880
-0.495106310
-0.483353360
-0.471437418
-0.459362933
-0.447134411
-0.434756414
-0.422233559
-0.409570517
-0.396772011
-0.383842811
-0.370787738
-0.357611657
-0.344319479
-0.330916156
-0.317406683
-0.303796092
-0.290089452
-0.276291868
-0.262408479
-0.248444455
-0.234404994
-0.220295324
-0.206120696
-0.191886387
-0.177597695
-0.163259937
-0.148878448
-0.134458581
-0.120005699
-0.105525179
-0.091022409
-0.076502782
-0.061971697
-0.047434560
-0.032896775
-0.018363748
-0.003840880
0.010666430
0.025152790
0.039612817
0.054041138
0.068432393
0.082781237
0.097082340
0.111330393
0.125520105
0.139646209
0.153703464
0.167686653
0.181590590
0.195410117
0.209140111
0.222775483
0.236311180
0.249742186
0.263063529
0.276270276
0.289357540
0.302320478
0.315154296
0.327854251
0.340415650
0.352833854
0.365104278
0.377222395
0.389183736
0.400983893
0.412618520
0.424083334
0.435374119
0.446486724
0.457417068
0.468161140
0.478715001
0.489074785
0.499236701
0.509197034
0.518952148
0.528498484
0.537832565
0.546950997
0.555850468
0.564527750
0.572979702
0.581203270
0.589195488
0.596953480
0.604474459
0.611755731
0.618794695
0.625588844
0.632135765
0.638433141
0.644478752
0.650270474
0.655806284
0.661084257
0.666102568
0.670859492
0.675353407
0.679582791
0.683546228
0.687242403
0.690670103
0.693828224
0.696715763
0.699331824
0.701675615
0.703746452
0.705543756
0.707067055
0.708315982
0.709290278
0.709989792
0.710414479
0.710564401
0.710439727
0.710040732
0.709367802
0.708421424
0.707202196
0.705710821
0.703948107
0.701914971
0.699612432
0.697041616
0.694203753
0.691100179
0.687732331
0.684101751
0.680210083
0.676059074
0.671650570
0.666986521
0.662068973
0.656900074
0.651482068
0.645817299
0.639908204
0.633757319
0.627367271
0.620740783
0.613880670
0.606789838
0.599471281
0.591928085
0.584163423
0.576180553
0.567982820
0.559573652
0.550956559
0.542135132
0.533113044
0.523894043
0.514481956
0.504880684
0.495094202
0.485126557
0.474981868
0.464664320
0.454178167
0.443527728
0.432717385
0.421751583
0.410634828
0.399371682
0.387966764
0.376424750
0.364750366
0.352948390
0.341023650
0.328981020
0.316825419
0.304561808
0.292195192
0.279730612
0.267173149
0.254527916
0.241800061
0.228994762
0.216117226
0.203172687
0.190166401
0.177103650
0.163989735
0.150829973
0.137629700
0.124394263
0.111129023
0.097839349
0.084530617
0.071208209
0.057877509
0.044543901
0.031212770
0.017889495
0.004579449
-0.008712002
-0.021979503
-0.035217712
-0.048421300
-0.061584957
-0.074703392
-0.087771333
-0.100783534
-0.113734772
-0.126619855
-0.139433618
-0.152170929
-0.164826690
-0.177395839
-0.189873353
-0.202254249
-0.214533585
-0.226706465
-0.238768039
-0.250713506
-0.262538114
-0.274237164
-0.285806011
-0.297240068
-0.308534804
-0.319685747
-0.330688491
-0.341538689
-0.352232062
-0.362764399
-0.373131555
-0.383329457
-0.393354106
-0.403201575
-0.412868013
-0.422349645
-0.431642779
-0.440743798
-0.449649170
-0.458355445
-0.466859260
-0.475157333
-0.483246475
-0.491123583
-0.498785643
-0.506229736
-0.513453031
-0.520452793
-0.527226383
-0.533771256
-0.540084963
-0.546165156
-0.552009584
-0.557616095
-0.562982639
-0.568107269
-0.572988137
-0.577623501
-0.582011721
-0.586151262
-0.590040696
-0.593678697
-0.597064049
-0.600195640
-0.603072468
-0.605693635
-0.608058354
-0.610165946
-0.612015838
-0.613607569
-0.614940785
-0.616015241
-0.616830802
-0.617387442
-0.617685245
-0.617724401
-0.617505213
-0.617028090
-0.616293552
-0.615302224
-0.614054842
-0.612552250
-0.610795397
-0.608785340
-0.606523244
-0.604010378
-0.601248117
-0.598237941
-0.594981434
-0.591480284
-0.587736280
-0.583751314
-0.579527380
-0.575066569
-0.570371076
-0.565443189
-0.560285298
-0.554899886
-0.549289532
-0.543456909
-0.537404783
-0.531136011
-0.524653542
-0.517960412
-0.511059746
-0.503954754
-0.496648732
-0.489145060
-0.481447197
-0.473558687
-0.465483149
-0.457224282
-0.448785858
-0.440171725
-0.431385804
-0.422432084
-0.413314625
-0.404037553
-0.394605061
-0.385021403
-0.375290896
-0.365417916
-0.355406898
-0.345262331
-0.334988759
-0.324590778
-0.314073033
-0.303440218
-0.292697071
-0.281848374
-0.270898953
-0.259853670
-0.248717426
-0.237495157
-0.226191831
-0.214812449
-0.203362038
-0.191845653
-0.180268372
-0.168635296
-0.156951546
-0.145222258
-0.133452585
-0.121647692
-0.109812757
-0.097952963
-0.086073501
-0.074179566
-0.062276352
-0.050369054
-0.038462866
-0.026562972
-0.014674552
-0.002802774
0.009047204
0.020870242
0.032661213
0.044415012
0.056126553
0.067790775
0.079402643
0.090957148
0.102449313
0.113874192
0.125226875
0.136502488
0.147696196
0.158803204
0.169818760
0.180738160
0.191556744
0.202269902
0.212873076
0.223361762
0.233731510
0.243977927
0.254096679
0.264083496
0.273934166
0.283644547
0.293210560
0.302628196
0.311893514
0.321002649
0.329951806
0.338737265
0.347355386
0.355802605
0.364075439
0.372170485
0.380084425
0.387814024
0.395356134
0.402707693
0.409865728
0.416827356
0.423589785
0.430150316
0.436506341
0.442655349
0.448594924
0.454322747
0.459836595
0.465134344
0.470213973
0.475073555
0.479711271
0.484125398
0.488314319
0.492276520
0.496010590
0.499515223
0.502789217
0.505831478
0.508641015
0.511216944
0.513558491
0.515664983
0.517535859
0.519170663
0.520569048
0.521730772
0.522655704
0.523343817
0.523795195
0.524010027
0.523988610
0.523731348
0.523238752
0.522511439
0.521550133
0.520355662
0.518928960
0.517271068
0.515383128
0.513266387
0.510922195
0.508352004
0.505557367
0.502539940
0.499301475
0.495843826
0.492168945
0.488278880
0.484175775
0.479861869
0.475339497
0.470611084
0.465679149
0.460546298
0.455215230
0.449688730
0.443969668
0.438061002
0.431965770
0.425687095
0.419228181
0.412592307
0.405782834
0.398803196
0.391656902
0.384347534
0.376878744
0.369254254
0.361477851
0.353553391
0.345484789
0.337276026
0.328931139
0.320454227
0.311849440
0.303120986
0.294273123
0.285310158
0.276236448
0.267056394
0.257774441
0.248395075
0.238922823
0.229362248
0.219717947
0.209994551
0.200196722
0.190329150
0.180396550
0.170403662
0.160355249
0.150256090
0.140110985
0.129924746
0.119702198
0.109448177
0.099167528
0.088865099
0.078545744
0.068214317
0.057875670
0.047534653
0.037196109
0.026864874
0.016545774
0.006243620
-0.004036789
-0.014290673
-0.024513271
-0.034699844
-0.044845675
-0.054946075
-0.064996384
-0.074991970
-0.084928235
-0.094800617
-0.104604588
-0.114335662
-0.123989393
-0.133561377
-0.143047259
-0.152442726
-0.161743520
-0.170945430
-0.180044300
-0.189036031
-0.197916578
-0.206681956
-0.215328243
-0.223851576
-0.232248161
-0.240514266
-0.248646230
-0.256640459
-0.264493433
-0.272201704
-0.279761897
-0.287170714
-0.294424937
-0.301521423
-0.308457112
-0.315229025
-0.321834267
-0.328270027
-0.334533578
-0.340622284
-0.346533593
-0.352265045
-0.357814270
-0.363178988
-0.368357014
-0.373346254
-0.378144709
-0.382750476
-0.387161748
-0.391376813
-0.395394058
-0.399211969
-0.402829128
-0.406244220
-0.409456027
-0.412463432
-0.415265419
-0.417861075
-0.420249585
-0.422430239
-0.424402427
-0.426165641
-0.427719478
-0.429063635
-0.430197912
-0.431122211
-0.431836536
-0.432340996
-0.432635799
-0.432721255
-0.432597778
-0.432265880
-0.431726176
-0.430979381
-0.430026309
-0.428867874
-0.427505090
-0.425939068
-0.424171016
-0.422202239
-0.420034140
-0.417668215
-0.415106056
-0.412349347
-0.409399865
-0.406259479
-0.402930149
-0.399413923
-0.395712938
-0.391829419
-0.387765675
-0.383524101
-0.379107176
-0.374517459
-0.369757590
-0.364830291
-0.359738359
-0.354484667
-0.349072165
-0.343503874
-0.337782888
-0.331912371
-0.325895553
-0.319735735
-0.313436277
-0.307000608
-0.300432214
-0.293734642
-0.286911498
-0.279966440
-0.272903184
-0.265725496
-0.258437191
-0.251042133
-0.243544233
-0.235947443
-0.228255760
-0.220473219
-0.212603894
-0.204651893
-0.196621358
-0.188516464
-0.180341413
-0.172100436
-0.163797787
-0.155437745
-0.147024608
-0.138562692
-0.130056330
-0.121509870
-0.112927669
-0.104314097
-0.095673528
-0.087010342
-0.078328924
-0.069633657
-0.060928923
-0.052219101
-0.043508564
-0.034801675
-0.026102789
-0.017416246
-0.008746374
-0.000097481
0.008526142
0.017120226
0.025680526
0.034202822
0.042682921
0.051116662
0.059499913
0.067828577
0.076098595
0.084305943
0.092446639
0.100516741
0.108512352
0.116429622
0.124264747
0.132013973
0.139673597
0.147239971
0.154709499
0.162078645
0.169343930
0.176501935
0.183549303
0.190482741
0.197299020
0.203994979
0.210567524
0.217013632
0.223330350
0.229514796
0.235564166
0.241475728
0.247246827
0.252874885
0.258357406
0.263691969
0.268876240
0.273907963
0.278784966
0.283505163
0.288066553
0.292467218
0.296705331
0.300779150
0.304687024
0.308427388
0.311998770
0.315399786
0.318629145
0.321685647
0.324568183
0.327275738
0.329807390
0.332162307
0.334339754
0.336339089
0.338159762
0.339801319
0.341263399
0.342545735
0.343648154
0.344570577
0.345313020
0.345875590
0.346258490
0.346462015
0.346486552
0.346332582
0.346000678
0.345491503
0.344805812
0.343944450
0.342908354
0.341698547
0.340316142
0.338762340
0.337038428
0.335145782
0.333085858
0.330860202
0.328470439
0.325918279
0.323205512
0.320334008
0.317305717
0.314122665
0.310786958
0.307300773
0.303666365
0.299886059
0.295962253
0.291897415
0.287694079
0.283354848
0.278882392
0.274279442
0.269548793
0.264693299
0.259715877
0.254619498
0.249407188
0.244082031
0.238647161
0.233105761
0.227461064
0.221716352
0.215874950
0.209940224
0.203915586
0.197804483
0.191610403
0.185336867
0.178987431
0.172565680
0.166075233
0.159519732
0.152902848
0.146228273
0.139499722
0.132720929
0.125895645
0.119027637
0.112120685
0.105178581
0.098205123
0.091204121
0.084179385
0.077134732
0.070073977
0.063000935
0.055919418
0.048833233
0.041746177
0.034662040
0.027584601
0.020517624
0.013464858
0.006430034
-0.000583136
-0.007570961
-0.014529774
-0.021455933
-0.028345825
-0.035195863
-0.042002495
-0.048762198
-0.055471487
-0.062126911
-0.068725061
-0.075262564
-0.081736091
-0.088142359
-0.094478126
-0.100740200
-0.106925437
-0.113030743
-0.119053076
-0.124989449
-0.130836927
-0.136592634
-0.142253751
-0.147817519
-0.153281238
-0.158642272
-0.163898047
-0.169046055
-0.174083853
-0.179009065
-0.183819383
-0.188512569
-0.193086456
-0.197538946
-0.201868017
-0.206071718
-0.210148172
-0.214095579
-0.217912213
-0.221596426
-0.225146648
-0.228561386
-0.231839226
-0.234978833
-0.237978954
-0.240838415
-0.243556121
-0.246131063
-0.248562310
-0.250849014
-0.252990409
-0.254985813
-0.256834625
-0.258536328
-0.260090487
-0.261496751
-0.262754851
-0.263864602
-0.264825900
-0.265638725
-0.266303141
-0.266819290
-0.267187400
-0.267407779
-0.267480816
-0.267406981
-0.267186825
-0.266820978
-0.266310150
-0.265655129
-0.264856781
-0.263916050
-0.262833957
-0.261611597
-0.260250141
-0.258750836
-0.257115000
-0.255344025
-0.253439371
-0.251402573
-0.249235233
-0.246939021
-0.244515675
-0.241966998
-0.239294859
-0.236501190
-0.233587984
-0.230557298
-0.227411245
-0.224152000
-0.220781791
-0.217302906
-0.213717683
-0.210028515
-0.206237844
-0.202348165
-0.198362017
-0.194281988
-0.190110710
-0.185850859
-0.181505151
-0.177076343
-0.172567230
-0.167980643
-0.163319449
-0.158586547
-0.153784868
-0.148917371
-0.143987045
-0.138996903
-0.133949984
-0.128849348
-0.123698076
-0.118499267
-0.113256039
-0.107971522
-0.102648861
-0.097291213
-0.091901744
-0.086483626
-0.081040038
-0.075574164
-0.070089189
-0.064588299
-0.059074676
-0.053551501
-0.048021951
-0.042489192
-0.036956383
-0.031426675
-0.025903202
-0.020389086
-0.014887433
-0.009401332
-0.003933850
0.001511965
0.006933089
0.012326522
0.017689291
0.023018450
0.028311084
0.033564307
0.038775270
0.043941152
0.049059175
0.054126592
0.059140699
0.064098832
0.068998367
0.073836723
0.078611367
0.083319809
0.087959606
0.092528366
0.097023744
0.101443448
0.105785237
0.110046924
0.114226376
0.118321517
0.122330327
0.126250841
0.130081156
0.133819427
0.137463870
0.141012763
0.144464443
0.147817314
0.151069840
0.154220553
0.157268047
0.160210984
0.163048089
0.165778157
0.168400049
0.170912694
0.173315089
0.175606298
0.177785458
0.179851770
0.181804508
0.183643015
0.185366702
0.186975052
0.188467618
0.189844020
0.191103952
0.192247175
0.193273521
0.194182893
0.194975261
0.195650666
0.196209218
0.196651095
0.196976545
0.197185881
0.197279488
0.197257815
0.197121378
0.196870761
0.196506612
0.196029644
0.195440636
0.194740428
0.193929925
0.193010093
0.191981960
0.190846616
0.189605207
0.188258941
0.186809083
0.185256953
0.183603931
0.181851447
0.180000988
0.178054094
0.176012353
0.173877409
0.171650950
0.169334715
0.166930489
0.164440102
0.161865431
0.159208392
0.156470947
0.153655094
0.150762874
0.147796362
0.144757673
0.141648954
0.138472386
0.135230182
0.131924587
0.128557872
0.125132337
0.121650310
0.118114140
0.114526200
0.110888886
0.107204613
0.103475812
0.099704934
0.095894444
0.092046820
0.088164552
0.084250142
0.080306099
0.076334940
0.072339188
0.068321370
0.064284015
0.060229654
0.056160817
0.052080031
0.047989820
0.043892704
0.039791194
0.035687794
0.031584998
0.027485289
0.023391137
0.019304997
0.015229308
0.011166494
0.007118958
0.003089085
-0.000920764
-0.004908249
-0.008871055
-0.012806891
-0.016713496
-0.020588634
-0.024430101
-0.028235722
-0.032003354
-0.035730889
-0.039416251
-0.043057402
-0.046652338
-0.050199095
-0.053695747
-0.057140406
-0.060531230
-0.063866413
-0.067144195
-0.070362860
-0.073520736
-0.076616196
-0.079647661
-0.082613597
-0.085512520
-0.088342994
-0.091103632
-0.093793097
-0.096410103
-0.098953416
-0.101421853
-0.103814284
-0.106129632
-0.108366872
-0.110525034
-0.112603202
-0.114600515
-0.116516165
-0.118349402
-0.120099529
-0.121765906
-0.123347946
-0.124845122
-0.126256961
-0.127583044
-0.128823012
-0.129976559
-0.131043436
-0.132023449
-0.132916462
-0.133722393
-0.134441216
-0.135072958
-0.135617705
-0.136075594
-0.136446818
-0.136731624
-0.136930312
-0.137043235
-0.137070800
-0.137013464
-0.136871737
-0.136646180
-0.136337404
-0.135946070
-0.135472889
-0.134918619
-0.134284067
-0.133570086
-0.132777577
-0.131907485
-0.130960799
-0.129938555
-0.128841828
-0.127671738
-0.126429446
-0.125116150
-0.123733091
-0.122281546
-0.120762831
-0.119178297
-0.117529330
-0.115817350
-0.114043811
-0.112210199
-0.110318029
-0.108368847
-0.106364228
-0.104305772
-0.102195108
-0.100033889
-0.097823790
-0.095566510
-0.093263771
-0.090917312
-0.088528893
-0.086100289
-0.083633295
-0.081129719
-0.078591383
-0.076020121
-0.073417779
-0.070786213
-0.068127288
-0.065442876
-0.062734855
-0.060005109
-0.057255524
-0.054487989
-0.051704396
-0.048906635
-0.046096593
-0.043276158
-0.040447213
-0.037611633
-0.034771291
-0.031928049
-0.029083763
-0.026240277
-0.023399426
-0.020563029
-0.017732897
-0.014910821
-0.012098580
-0.009297935
-0.006510630
-0.003738387
-0.000982912
0.001754112
0.004471024
0.007166186
0.009837984
0.012484829
0.015105157
0.017697433
0.020260147
0.022791819
0.025290999
0.027756267
0.030186233
0.032579539
0.034934861
0.037250907
0.039526419
0.041760174
0.043950985
0.046097700
0.048199202
0.050254414
0.052262295
0.054221842
0.056132091
0.057992117
0.059801033
0.061557994
0.063262193
0.064912866
0.066509287
0.068050773
0.069536680
0.070966409
0.072339398
0.073655132
0.074913134
0.076112970
0.077254249
0.078336620
0.079359777
0.080323453
0.081227425
0.082071512
0.082855573
0.083579511
0.084243267
0.084846827
0.085390216
0.085873501
0.086296787
0.086660222
0.086963992
0.087208324
0.087393482
0.087519770
0.087587531
0.087597143
0.087549025
0.087443630
0.087281447
0.087063003
0.086788857
0.086459606
0.086075878
0.085638335
0.085147672
0.084604615
0.084009922
0.083364381
0.082668809
0.081924053
0.081130989
0.080290517
0.079403567
0.078471093
0.077494075
0.076473514
0.075410439
0.074305897
0.073160959
0.071976715
0.070754277
0.069494773
0.068199349
0.066869171
0.065505416
0.064109282
0.062681975
0.061224718
0.059738745
0.058225301
0.056685641
0.055121032
0.053532744
0.051922060
0.050290265
0.048638652
0.046968518
0.045281162
0.043577887
0.041859999
0.040128800
0.038385597
0.036631692
0.034868387
0.033096980
0.031318765
0.029535031
0.027747061
0.025956133
0.024163515
0.022370467
0.020578242
0.018788081
0.017001213
0.015218858
0.013442221
0.011672494
0.009910855
0.008158469
0.006416483
0.004686027
0.002968218
0.001264149
-0.000425100
-0.002098470
-0.003754923
-0.005393440
-0.007013024
-0.008612698
-0.010191509
-0.011748525
-0.013282838
-0.014793565
-0.016279846
-0.017740843
-0.019175749
-0.020583777
-0.021964169
-0.023316193
-0.024639141
-0.025932336
-0.027195126
-0.028426885
-0.029627019
-0.030794958
-0.031930162
-0.033032120
-0.034100349
-0.035134394
-0.036133830
-0.037098260
-0.038027317
-0.038920664
-0.039777990
-0.040599016
-0.041383490
-0.042131193
-0.042841929
-0.043515537
-0.044151881
-0.044750855
-0.045312382
-0.045836412
-0.046322925
-0.046771929
-0.047183458
-0.047557575
-0.047894370
-0.048193960
-0.048456489
-0.048682127
-0.048871071
-0.049023541
-0.049139787
-0.049220078
-0.049264714
-0.049274013
-0.049248321
-0.049188005
-0.049093456
-0.048965087
-0.048803330
-0.048608643
-0.048381501
-0.048122401
-0.047831859
-0.047510409
-0.047158606
-0.046777020
-0.046366241
-0.045926873
-0.045459539
-0.044964874
-0.044443531
-0.043896176
-0.043323487
-0.042726158
-0.042104892
-0.041460407
-0.040793428
-0.040104694
-0.039394950
-0.038664954
-0.037915469
-0.037147266
-0.036361124
-0.035557828
-0.034738168
-0.033902940
-0.033052941
-0.032188976
-0.031311849
-0.030422369
-0.029521345
-0.028609587
-0.027687905
-0.026757109
-0.025818008
-0.024871409
-0.023918117
-0.022958932
-0.021994654
-0.021026076
-0.020053987
-0.019079170
-0.018102403
-0.017124457
-0.016146096
-0.015168075
-0.014191143
-0.013216038
-0.012243491
-0.011274221
-0.010308938
-0.009348341
-0.008393117
-0.007443942
-0.006501480
-0.005566383
-0.004639288
-0.003720820
-0.002811589
-0.001912194
-0.001023216
-0.000145223
0.000721233
0.001575616
0.002417404
0.003246092
0.004061192
0.004862232
0.005648756
0.006420326
0.007176522
0.007916938
0.008641190
0.009348909
0.010039745
0.010713364
0.011369453
0.012007714
0.012627870
0.013229660
0.013812843
0.014377196
0.014922512
0.015448607
0.015955310
0.016442471
0.016909958
0.017357658
0.017785473
0.018193325
0.018581154
0.018948916
0.019296586
0.019624156
0.019931635
0.020219048
0.020486438
0.020733863
0.020961399
0.021169137
0.021357185
0.021525663
0.021674712
0.021804482
0.021915141
0.022006871
0.022079867
0.022134339
0.022170510
0.022188614
0.022188900
0.022171628
0.022137072
0.022085514
0.022017250
0.021932586
0.021831837
0.021715330
0.021583400
0.021436392
0.021274659
0.021098563
0.020908473
0.020704766
0.020487827
0.020258044
0.020015816
0.019761544
0.019495636
0.019218503
0.018930563
0.018632237
0.018323947
0.018006122
0.017679191
0.017343586
0.016999740
0.016648090
0.016289070
0.015923117
0.015550668
0.015172159
0.014788025
0.014398701
0.014004619
0.013606209
0.013203902
0.012798122
0.012389292
0.011977831
0.011564155
0.011148674
0.010731797
0.010313924
0.009895454
0.009476776
0.009058276
0.008640335
0.008223324
0.007807611
0.007393556
0.006981509
0.006571817
0.006164816
0.005760836
0.005360197
0.004963213
0.004570188
0.004181418
0.003797188
0.003417776
0.003043451
0.002674472
0.002311087
0.001953536
0.001602051
0.001256849
0.000918143
0.000586131
0.000261004
-0.000057057
-0.000367884
-0.000671317
-0.000967207
-0.001255413
-0.001535809
-0.001808274
-0.002072701
-0.002328991
-0.002577057
-0.002816820
-0.003048212
-0.003271175
-0.003485661
-0.003691632
-0.003889059
-0.004077922
-0.004258213
-0.004429929
-0.004593081
-0.004747686
-0.004893770
-0.005031368
-0.005160525
-0.005281293
-0.005393731
-0.005497909
-0.005593902
-0.005681794
-0.005761676
-0.005833646
-0.005897809
-0.005954277
-0.006003169
-0.006044608
-0.006078726
-0.006105658
-0.006125546
-0.006138538
-0.006144784
-0.006144443
-0.006137675
-0.006124646
-0.006105524
-0.006080484
-0.006049702
-0.006013356
-0.005971631
-0.005924711
-0.005872783
-0.005816038
-0.005754666
-0.005688862
-0.005618819
-0.005544733
-0.005466800
-0.005385217
-0.005300181
-0.005211889
-0.005120538
-0.005026324
-0.004929443
-0.004830090
-0.004728459
-0.004624742
-0.004519128
-0.004411808
-0.004302968
-0.004192792
-0.004081463
-0.003969159
-0.003856057
-0.003742331
-0.003628151
-0.003513684
-0.003399093
-0.003284538
-0.003170175
-0.003056155
-0.002942626
-0.002829732
-0.002717611
-0.002606398
-0.002496223
-0.002387211
-0.002279483
-0.002173154
-0.002068334
-0.001965129
-0.001863639
-0.001763961
-0.001666183
-0.001570390
-0.001476664
-0.001385076
-0.001295697
-0.001208591
-0.001123815
-0.001041424
-0.000961464
-0.000883979
-0.000809005
-0.000736576
-0.000666718
-0.000599454
-0.000534800
-0.000472768
-0.000413366
-0.000356596
-0.000302456
-0.000250939
-0.000202033
-0.000155723
-0.000111989
-0.000070806
-0.000032145
0.000004025
0.000037740
0.000069041
0.000097971
0.000124577
0.000148908
0.000171018
0.000190963
0.000208801
0.000224594
0.000238407
0.000250304
0.000260355
0.000268630
0.000275200
0.000280141
0.000283525
0.000285431
0.000285936
0.000285117
0.000283055
0.000279828
0.000275518
0.000270203
0.000263966
0.000256885
0.000249041
0.000240513
0.000231381
0.000221721
0.000211612
0.000201130
0.000190348
0.000179340
0.000168178
0.000156933
0.000145671
0.000134460
0.000123363
0.000112442
0.000101756
0.000091362
0.000081315
0.000071667
0.000062464
0.000053755
0.000045581
0.000037982
0.000030994
0.000024651
0.000018984
0.000014017
0.000009776
0.000006278
0.000003541
0.000001577
0.000000395
0.000000000
