0.000000000
0.000000702
0.000002774
0.000006120
0.000010580
0.000015933
0.000021903
0.000028166
0.000034351
0.000040052
0.000044836
0.000048249
0.000049829
0.000049114
0.000045652
0.000039014
0.000028803
0.000014663
-0.000003709
-0.000026554
-0.000054041
-0.000086263
-0.000123225
-0.000164841
-0.000210928
-0.000261204
-0.000315286
-0.000372686
-0.000432817
-0.000494993
-0.000558436
-0.000622276
-0.000685567
-0.000747289
-0.000806362
-0.000861659
-0.000912015
-0.000956247
-0.000993164
-0.001021590
-0.001040372
-0.001048407
-0.001044652
-0.001028146
-0.000998026
-0.000953545
-0.000894086
-0.000819181
-0.000728522
-0.000621977
-0.000499598
-0.000361635
-0.000208539
-0.000040973
0.000140192
0.000333868
0.000538756
0.000753352
0.000975949
0.001204651
0.001437380
0.001671896
0.001905814
0.002136618
0.002361688
0.002578327
0.002783778
0.002975260
0.003149996
0.003305239
0.003438311
0.003546626
0.003627731
0.003679334
0.003699336
0.003685862
0.003637294
0.003552293
0.003429833
0.003269219
0.003070113
0.002832549
0.002556953
0.002244149
0.001895374
0.001512277
0.001096922
0.000651781
0.000179731
-0.000315965
-0.000831673
-0.001363408
-0.001906864
-0.002457443
-0.003010286
-0.003560318
-0.004102285
-0.004630801
-0.005140395
-0.005625566
-0.006080829
-0.006500774
-0.006880121
-0.007213777
-0.007496888
-0.007724901
-0.007893612
-0.007999225
-0.008038399
-0.008008297
-0.007906633
-0.007731707
-0.007482447
-0.007158437
-0.006759945
-0.006287943
-0.005744117
-0.005130881
-0.004451372
-0.003709449
-0.002909673
-0.002057294
-0.001158217
-0.000218971
0.000753334
0.001751058
0.002766082
0.003789871
0.004813544
0.005827943
0.006823710
0.007791371
0.008721419
0.009604402
0.010431011
0.011192172
0.011879139
0.012483580
0.012997668
0.013414170
0.013726529
0.013928941
0.014016434
0.013984934
0.013831331
0.013553529
0.013150497
0.012622307
0.011970161
0.011196413
0.010304578
0.009299329
0.008186487
0.006972995
0.005666889
0.004277248
0.002814141
0.001288558
-0.000287662
-0.001901922
-0.003540961
-0.005190955
-0.006837635
-0.008466399
-0.010062441
-0.011610878
-0.013096888
-0.014505837
-0.015823427
-0.017035825
-0.018129807
-0.019092886
-0.019913448
-0.020580875
-0.021085665
-0.021419545
-0.021575576
-0.021548242
-0.021333539
-0.020929041
-0.020333962
-0.019549197
-0.018577356
-0.017422775
-0.016091519
-0.014591363
-0.012931763
-0.011123806
-0.009180148
-0.007114930
-0.004943688
-0.002683239
-0.000351560
0.002032350
0.004448619
0.006876662
0.009295355
0.011683209
0.014018558
0.016279749
0.018445342
0.020494302
0.022406200
0.024161407
0.025741290
0.027128398
0.028306646
0.029261482
0.029980056
0.030451365
0.030666388
0.030618212
0.030302133
0.029715740
0.028858986
0.027734231
0.026346271
0.024702340
0.022812092
0.020687563
0.018343105
0.015795305
0.013062876
0.010166529
0.007128824
0.003974003
0.000727802
-0.002582749
-0.005929552
-0.009283670
-0.012615569
-0.015895381
-0.019093159
-0.022179149
-0.025124063
-0.027899346
-0.030477452
-0.032832107
-0.034938567
-0.036773874
-0.038317089
-0.039549519
-0.040454922
-0.041019703
-0.041233076
-0.041087213
-0.040577366
-0.039701964
-0.038462680
-0.036864472
-0.034915597
-0.032627589
-0.030015212
-0.027096384
-0.023892065
-0.020426120
-0.016725154
-0.012818315
-0.008737073
-0.004514978
-0.000187386
0.004208827
0.008635574
0.013053882
0.017424231
0.021706899
0.025862324
0.029851456
0.033636126
0.037179402
0.040445943
0.043402345
0.046017474
0.048262783
0.050112613
0.051544469
0.052539274
0.053081594
0.053159839
0.052766420
0.051897888
0.050555021
0.048742888
0.046470867
0.043752622
0.040606050
0.037053176
0.033120023
0.028836427
0.024235831
0.019355030
0.014233890
0.008915026
0.003443462
-0.002133749
-0.007767920
-0.013409149
-0.019006758
-0.024509740
-0.029867221
-0.035028925
-0.039945639
-0.044569680
-0.048855349
-0.052759376
-0.056241351
-0.059264134
-0.061794238
-0.063802186
-0.065262841
-0.066155691
-0.066465106
-0.066180545
-0.065296727
-0.063813750
-0.061737164
-0.059078000
-0.055852738
-0.052083236
-0.047796603
-0.043025019
-0.037805515
-0.032179693
-0.026193413
-0.019896424
-0.013341967
-0.006586325
0.000311643
0.007291016
0.014289339
0.021243175
0.028088679
0.034762175
0.041200746
0.047342819
0.053128756
0.058501419
0.063406735
0.067794230
0.071617541
0.074834897
0.077409562
0.079310240
0.080511430
0.080993738
0.080744131
0.079756142
0.078030009
0.075572759
0.072398230
0.068527026
0.063986414
0.058810155
0.053038270
0.046716752
0.039897212
0.032636470
0.024996095
0.017041895
0.008843356
0.000473043
-0.007994031
-0.016481075
-0.024910206
-0.033203165
-0.041282031
-0.049069954
-0.056491881
-0.063475271
-0.069950804
-0.075853061
-0.081121178
-0.085699470
-0.089538005
-0.092593143
-0.094828010
-0.096212928
-0.096725769
-0.096352254
-0.095086177
-0.092929555
-0.089892708
-0.085994255
-0.081261040
-0.075727973
-0.069437799
-0.062440787
-0.054794347
-0.046562574
-0.037815726
-0.028629637
-0.019085066
-0.009267004
0.000736081
0.010833031
0.020930819
0.030935407
0.040752610
0.050288984
0.059452704
0.068154453
0.076308278
0.083832444
0.090650245
0.096690777
0.101889674
0.106189783
0.109541779
0.111904717
0.113246505
0.113544307
0.112784856
0.110964682
0.108090251
0.104178011
0.099254342
0.093355416
0.086526958
0.078823917
0.070310043
0.061057381
0.051145675
0.040661694
0.029698488
0.018354572
0.006733049
-0.005059316
-0.016913072
-0.028717088
-0.040359594
-0.051729229
-0.062716108
-0.073212876
-0.083115752
-0.092325557
-0.100748699
-0.108298123
-0.114894203
-0.120465574
-0.124949900
-0.128294555
-0.130457222
-0.131406405
-0.131121833
-0.129594766
-0.126828201
-0.122836952
-0.117647633
-0.111298520
-0.103839300
-0.095330712
-0.085844075
-0.075460711
-0.064271267
-0.052374938
-0.039878603
-0.026895877
-0.013546090
0.000046802
0.013755360
0.027449848
0.040999456
0.054273544
0.067142897
0.079480982
0.091165185
0.102078030
0.112108354
0.121152441
0.129115084
0.135910590
0.141463687
0.145710355
0.148598545
0.150088793
0.150154723
0.148783422
0.145975692
0.141746168
0.136123312
0.129149262
0.120879555
0.111382715
0.100739711
0.089043288
0.076397183
0.062915216
0.048720288
0.033943268
0.018721804
0.003199048
-0.012477683
-0.028158292
-0.043691340
-0.058925498
-0.073711020
-0.087901212
-0.101353883
-0.113932767
-0.125508907
-0.135961968
-0.145181489
-0.153068045
-0.159534315
-0.164506041
-0.167922867
-0.169739048
-0.169924031
-0.168462886
-0.165356586
-0.160622141
-0.154292575
-0.146416738
-0.137058973
-0.126298619
-0.114229369
-0.100958474
-0.086605818
-0.071302847
-0.055191384
-0.038422332
-0.021154271
-0.003551966
0.014215189
0.031974800
0.049553134
0.066776821
0.083474552
0.099478787
0.114627428
0.128765466
0.141746562
0.153434560
0.163704917
0.172446027
0.179560425
0.184965873
0.188596294
0.190402563
0.190353129
0.188434477
0.184651409
0.179027150
0.171603273
0.162439436
0.151612945
0.139218134
0.125365571
0.110181096
0.093804704
0.076389269
0.058099137
0.039108589
0.019600192
-0.000236940
-0.020208977
-0.040119255
-0.059770208
-0.078965325
-0.097511111
-0.115219036
-0.131907451
-0.147403449
-0.161544662
-0.174180955
-0.185176027
-0.194408873
-0.201775119
-0.207188189
-0.210580316
-0.211903362
-0.211129458
-0.208251439
-0.203283081
-0.196259127
-0.187235105
-0.176286934
-0.163510323
-0.149019971
-0.132948561
-0.115445575
-0.096675923
-0.076818410
-0.056064052
-0.034614249
-0.012678849
0.009525900
0.031779469
0.053859235
0.075542698
0.096609727
0.116844787
0.136039144
0.153993024
0.170517686
0.185437413
0.198591379
0.209835385
0.219043439
0.226109162
0.230947017
0.233493320
0.233707053
0.231570449
0.227089341
0.220293284
0.211235431
0.199992167
0.186662515
0.171367294
0.154248063
0.135465831
0.115199576
0.093644556
0.071010449
0.047519330
0.023403509
-0.001096761
-0.025735661
-0.050264267
-0.074433063
-0.097994470
-0.120705383
-0.142329682
-0.162640682
-0.181423514
-0.198477403
-0.213617814
-0.226678455
-0.237513099
-0.245997229
-0.252029458
-0.255532736
-0.256455307
-0.254771421
-0.250481781
-0.243613726
-0.234221135
-0.222384070
-0.208208135
-0.191823578
-0.173384126
-0.153065576
-0.131064146
-0.107594603
-0.082888188
-0.057190357
-0.030758358
-0.003858666
0.023235688
0.050247887
0.076900144
0.102916559
0.128025971
0.151964788
0.174479752
0.195330626
0.214292754
0.231159497
0.245744478
0.257883653
0.267437156
0.274290908
0.278357973
0.279579644
0.277926236
0.273397596
0.266023303
0.255862561
0.243003787
0.227563890
0.209687251
0.189544413
0.167330482
0.143263268
0.117581176
0.090540867
0.062414709
0.033488054
0.004056356
-0.025577840
-0.055107996
-0.084226746
-0.112629095
-0.140015611
-0.166095583
-0.190590110
-0.213235090
-0.233784068
-0.252010930
-0.267712397
-0.280710292
-0.290853574
-0.298020089
-0.302118036
-0.303087126
-0.300899417
-0.295559815
-0.287106234
-0.275609417
-0.261172399
-0.243929638
-0.224045806
-0.201714255
-0.177155170
-0.150613428
-0.122356182
-0.092670198
-0.061858961
-0.030239593
0.001860402
0.034106516
0.066160717
0.097684985
0.128344880
0.157813086
0.185772906
0.211921678
0.235974048
0.257665099
0.276753273
0.293023069
0.306287488
0.316390182
0.323207305
0.326649019
0.326660661
0.323223540
0.316355352
0.306110225
0.292578364
0.275885319
0.256190871
0.233687544
0.208598764
0.181176674
0.151699630
0.120469402
0.087808110
0.054054918
0.019562529
-0.015306484
-0.050183486
-0.084697667
-0.118479979
-0.151167087
-0.182405275
-0.211854279
-0.239191001
-0.264113061
-0.286342151
-0.305627156
-0.321746999
-0.334513183
-0.343772007
-0.349406414
-0.351337462
-0.349525400
-0.343970322
-0.334712405
-0.321831712
-0.305447573
-0.285717533
-0.262835887
-0.237031809
-0.208567095
-0.177733542
-0.144849987
-0.110259033
-0.074323505
-0.037422662
0.000051792
0.037699854
0.075117481
0.111900927
0.147651095
0.181977869
0.214504377
0.244871137
0.272740034
0.297798103
0.319761050
0.338376494
0.353426877
0.364732019
0.372151280
0.375585311
0.374977361
0.370314140
0.361626207
0.348987885
0.332516708
0.312372388
0.288755317
0.261904623
0.232095792
0.199637874
0.164870313
0.128159430
0.089894582
0.050484055
0.010350725
-0.030072465
-0.070347173
-0.110034401
-0.148699278
-0.185915831
-0.221271683
-0.254372624
-0.284847025
-0.312350017
-0.336567414
-0.357219309
-0.374063331
-0.386897502
-0.395562666
-0.399944470
-0.399974861
-0.395633085
-0.386946171
-0.373988895
-0.356883224
-0.335797228
-0.310943489
-0.282577006
-0.250992623
-0.216522004
-0.179530186
-0.140411742
-0.099586601
-0.057495559
-0.014595539
0.028645356
0.071752943
0.114252150
0.155672255
0.195552100
0.233445231
0.268924908
0.301588918
0.331064155
0.357010893
0.379126724
0.397150094
0.410863419
0.420095723
0.424724775
0.424678701
0.419937046
0.410531269
0.396544665
0.378111716
0.355416861
0.328692713
0.298217725
0.264313334
0.227340612
0.187696458
0.145809370
0.102134836
0.057150410
0.011350501
-0.034759041
-0.080666507
-0.125860005
-0.169833161
-0.212090803
-0.252154543
-0.289568203
-0.323903022
-0.354762589
-0.381787439
-0.404659257
-0.423104650
-0.436898436
-0.445866403
-0.449887524
-0.448895581
-0.442880179
-0.431887150
-0.416018319
-0.395430644
-0.370334733
-0.340992745
-0.307715711
-0.270860276
-0.230824923
-0.188045702
-0.142991513
-0.096158988
-0.048067047
0.000748840
0.049742601
0.098363664
0.146063138
0.192300014
0.236547309
0.278298077
0.317071235
0.352417121
0.383922731
0.411216564
0.433973028
0.451916344
0.464823913
0.472529093
0.474923360
0.471957819
0.463644047
0.450054260
0.431320780
0.407634833
0.379244660
0.346452974
0.309613785
0.269128628
0.225442225
0.179037638
0.130430957
0.080165591
0.028806209
-0.023067586
-0.074867787
-0.126004642
-0.175893372
-0.223960856
-0.269652231
-0.312437308
-0.351816739
-0.387327866
-0.418550184
-0.445110339
-0.466686625
-0.483012902
-0.493881904
-0.499147886
-0.498728585
-0.492606456
-0.480829177
-0.463509408
-0.440823803
-0.413011280
-0.380370570
-0.343257069
-0.302079015
-0.257293050
-0.209399191
-0.158935284
-0.106470996
-0.052601408
0.002059719
0.056886923
0.111250189
0.164522187
0.216085516
0.265339866
0.311709023
0.354647622
0.393647590
0.428244175
0.458021518
0.482617675
0.501729050
0.515114168
0.522596751
0.524068049
0.519488411
0.508888051
0.492367012
0.470094326
0.442306359
0.409304376
0.371451336
0.329167953
0.282928075
0.233253413
0.180707694
0.125890300
0.069429450
0.011975030
-0.045808881
-0.103251674
-0.159683988
-0.214445519
-0.266892747
-0.316406518
-0.362399368
-0.404322516
-0.441672441
-0.473996956
-0.500900715
-0.522050081
-0.537177297
-0.546083900
-0.548643348
-0.544802814
-0.534584123
-0.518083823
-0.495472379
-0.466992493
-0.432956577
-0.393743385
-0.349793866
-0.301606248
-0.249730443
-0.194761812
-0.137334363
-0.078113469
-0.017788180
0.042936779
0.103349229
0.162737892
0.220400762
0.275653418
0.327837157
0.376326873
0.420538562
0.459936391
0.494039221
0.522426518
0.544743574
0.560705975
0.570103258
0.572801708
0.568746268
0.557961513
0.540551697
0.516699853
0.486665955
0.450784161
0.409459158
0.363161666
0.312423124
0.257829643
0.200015274
0.139654681
0.077455297
0.014149056
-0.049516208
-0.112785584
-0.174906034
-0.235135358
-0.292751076
-0.347059111
-0.397402167
-0.443167718
-0.483795491
-0.518784357
-0.547698551
-0.570173143
-0.585918675
-0.594724931
-0.596463765
-0.591090972
-0.578647148
-0.559257555
-0.533130963
-0.500557486
-0.461905441
-0.417617249
-0.368204438
-0.314241782
-0.256360672
-0.195241767
-0.131607025
-0.066211204
0.000167067
0.066734549
0.132692860
0.197248055
0.259620186
0.319052743
0.374821843
0.426245080
0.472689899
0.513581417
0.548409576
0.576735545
0.598197297
0.612514270
0.619491081
0.619020214
0.611083661
0.595753494
0.573191344
0.543646795
0.507454712
0.465031520
0.416870479
0.363536017
0.305657165
0.243920188
0.179060493
0.111853895
0.043107373
-0.026350607
-0.095680063
-0.164039649
-0.230596871
-0.294538234
-0.355079203
-0.411473853
-0.463024091
-0.509088328
-0.549089509
-0.582522383
-0.608959930
-0.628058861
-0.639564123
-0.643312342
-0.639234159
-0.627355440
-0.607797313
-0.580775050
-0.546595794
-0.505655148
-0.458432673
-0.405486340
-0.347445995
-0.285005923
-0.218916589
-0.149975653
-0.079018381
-0.006907543
0.065477057
0.137249315
0.207527666
0.275445927
0.340163987
0.400878216
0.456831482
0.507322622
0.551715270
0.589445924
0.620031147
0.643073807
0.658268291
0.665404596
0.664371272
0.655157153
0.637851862
0.612645073
0.579824534
0.539772870
0.492963207
0.439953653
0.381380712
0.317951695
0.250436236
0.179656990
0.106479651
0.031802384
-0.043455174
-0.118363235
-0.191993341
-0.263429881
-0.331781490
-0.396192194
-0.455852158
-0.510007907
-0.557971879
-0.599131204
-0.632955585
-0.659004184
-0.676931422
-0.686491614
-0.687542379
-0.680046780
-0.664074155
-0.639799623
-0.607502283
-0.567562089
-0.520455473
-0.466749734
-0.407096280
-0.342222785
-0.272924370
-0.200053902
-0.124511537
-0.047233627
0.030818861
0.108672286
0.185352477
0.259896924
0.331366878
0.398859195
0.461517774
0.518544461
0.569209253
0.612859697
0.648929340
0.676945143
0.696533736
0.707426458
0.709463082
0.702594208
0.686882257
0.662501070
0.629734092
0.588971183
0.540704061
0.485520455
0.424097017
0.357191095
0.285631447
0.210308027
0.132160953
0.052168809
-0.028663594
-0.109317823
-0.188774651
-0.266026948
-0.340092457
-0.410026310
-0.474933114
-0.533978451
-0.586399655
-0.631515715
-0.668736175
-0.697568926
-0.717626773
-0.728632694
-0.730423721
-0.722953387
-0.706292696
-0.680629610
-0.646267042
-0.603619380
-0.553207583
-0.495652895
-0.431669267
-0.362054568
-0.287680689
-0.209482674
-0.128447009
-0.045599202
0.038009173
0.121313809
0.203251215
0.282772300
0.358855824
0.430521538
0.496842849
0.556958843
0.610085509
0.655526023
0.692679944
0.721051214
0.740254851
0.750022231
0.750204904
0.740776886
0.721835373
0.693599893
0.656409866
0.610720635
0.557097971
0.496211160
0.428824718
0.355788861
0.278028833
0.196533239
0.112341508
0.026530671
-0.059798403
-0.145535115
-0.229573433
-0.310826162
-0.388239040
-0.460804438
-0.527574523
-0.587673678
-0.640310046
-0.684786020
-0.720507552
-0.746992164
-0.763875524
-0.770916535
-0.768000828
-0.755142639
-0.732485013
-0.700298351
-0.658977289
-0.609035959
-0.551101687
-0.485907193
-0.414281398
-0.337138952
-0.255468609
-0.170320602
-0.082793170
0.005981575
0.094852279
0.182663276
0.268269615
0.350552014
0.428431511
0.500883657
0.566952031
0.625760918
0.676526980
0.718569755
0.751320846
0.774331680
0.787279727
0.789973090
0.782353398
0.764496971
0.736614215
0.699047269
0.652265910
0.596861781
0.533540994
0.463115214
0.386491328
0.304659828
0.218682062
0.129676507
0.038804257
-0.052746107
-0.143774050
-0.233082831
-0.319495247
-0.401869170
-0.479112680
-0.550198580
-0.614178107
-0.670193655
-0.717490337
-0.755426231
-0.783481167
-0.801263939
-0.808517838
-0.805124421
-0.791105475
-0.766623129
-0.731978111
-0.687606172
-0.634072707
-0.572065646
-0.502386703
-0.425941086
-0.343725805
-0.256816732
-0.166354563
-0.073529891
0.020432445
0.114289503
0.206796681
0.296724226
0.382873607
0.464093514
0.539295293
0.607467580
0.667689973
0.719145516
0.761131861
0.793070934
0.814516971
0.825162828
0.824844450
0.813543457
0.791387789
0.758650405
0.715746040
0.663226057
0.601771470
0.532184195
0.455376675
0.372359986
0.284230591
0.192155910
0.097358896
0.001101821
-0.095330517
-0.190647935
-0.283572135
-0.372853867
-0.457289752
-0.535738546
-0.607136611
-0.670512405
-0.724999762
-0.769849815
-0.804441363
-0.828289564
-0.841052818
-0.842537737
-0.832702149
-0.811656065
-0.779660600
-0.737124865
-0.684600843
-0.622776333
-0.552466036
-0.474600909
-0.390215911
-0.300436312
-0.206462746
-0.109555192
-0.011016118
0.087827014
0.185639617
0.281098011
0.372907352
0.459819229
0.540648678
0.614290397
0.679733915
0.736077538
0.782540842
0.818475576
0.843374790
0.856880080
0.858786833
0.849047403
0.827772158
0.795228388
0.751837076
0.698167563
0.634930187
0.562966981
0.483240543
0.396821245
0.304872924
0.208637267
0.109417087
0.008558716
-0.092566247
-0.192579578
-0.290115227
-0.383837988
-0.472461819
-0.554767524
-0.629619589
-0.695981910
-0.752932210
-0.799674939
-0.835552475
-0.860054473
-0.872825214
-0.873668865
-0.862552559
-0.839607244
-0.805126299
-0.759561907
-0.703519240
-0.637748535
-0.563135143
-0.480687705
-0.391524591
-0.296858801
-0.197981518
-0.096244536
0.006958186
0.110209611
0.212089076
0.311191847
0.406148517
0.495643960
0.578435596
0.653370701
0.719402528
0.775605009
0.821185829
0.855497687
0.878047590
0.888504031
0.886701963
0.872645472
0.846508129
0.808630989
0.759518269
0.699830751
0.630377002
0.552102515
0.466076932
0.373479500
0.275582974
0.173736175
0.069345447
-0.036144736
-0.141271746
-0.244575078
-0.344616660
-0.440000895
-0.529394177
-0.611543587
-0.685294519
-0.749606984
-0.803570364
-0.846416390
-0.877530188
-0.896459197
-0.902919860
-0.896801965
-0.878170583
-0.847265562
-0.804498576
-0.750447767
-0.685850045
-0.611591148
-0.528693598
-0.438302701
-0.341670803
-0.240140003
-0.135123555
-0.028086240
0.079476048
0.186057200
0.290161985
0.390327055
0.485141540
0.573266978
0.653456264
0.724571376
0.785599603
0.835668062
0.874056279
0.900206662
0.913732708
0.914424820
0.902253646
0.877370898
0.840107605
0.790969849
0.730632008
0.659927622
0.579837977
0.491478582
0.396083715
0.294989251
0.189614011
0.081439896
-0.028008930
-0.137187494
-0.244551829
-0.348580821
-0.447797789
-0.540791493
-0.626236262
-0.702910962
-0.769716529
-0.825691813
-0.870027506
-0.902077947
-0.921370638
-0.927613320
-0.920698502
-0.900705389
-0.867899144
-0.822727516
-0.765814856
-0.697953608
-0.620093385
-0.533327782
-0.438879103
-0.338081220
-0.232360797
-0.123217150
-0.012201014
0.099107466
0.209121225
0.316268913
0.419017370
0.515893600
0.605505945
0.686564139
0.757897974
0.818474273
0.867411964
0.903994994
0.927682926
0.938119029
0.935135774
0.918757612
0.889201020
0.846871782
0.792359555
0.726429778
0.650013041
0.564192052
0.470186393
0.369335270
0.263078503
0.152936022
0.040486170
-0.072656898
-0.184866370
-0.294526180
-0.400054304
-0.499925622
-0.592694014
-0.677013361
-0.751657163
-0.815536466
-0.867715852
-0.907427242
-0.934081322
-0.947276401
-0.946804588
-0.932655176
-0.905015180
-0.864267015
-0.810983349
-0.745919176
-0.670001241
-0.584314950
-0.490088945
-0.388677574
-0.281541498
-0.170226709
-0.056342259
0.058462967
0.172524115
0.284184516
0.391819763
0.493861385
0.588819754
0.675305896
0.752051892
0.817929553
0.871967114
0.913363671
0.941501176
0.955953786
0.956494426
0.943098480
0.915944520
0.875412088
0.822076524
0.756700934
0.680225394
0.593753540
0.498536743
0.395956087
0.287502409
0.174754695
0.059357129
-0.057004853
-0.172629171
-0.285822003
-0.394922624
-0.498327803
-0.594515426
-0.682066962
-0.759688470
-0.826229816
-0.880701818
-0.922291067
-0.950372196
-0.964517406
-0.964503112
-0.950313597
-0.922141617
-0.880385931
-0.825645805
-0.758712537
-0.680558147
-0.592321369
-0.495291164
-0.390887974
-0.280643008
-0.166175835
-0.049170641
0.068648529
0.185543165
0.299785950
0.409686316
0.513615495
0.610030719
0.697498193
0.774714505
0.840526143
0.893946840
0.934172471
0.960593284
0.972803269
0.970606532
0.954020559
0.923276319
0.878815202
0.821282823
0.751519777
0.670549487
0.579563294
0.479903036
0.373041341
0.260559940
0.144126311
0.025469000
-0.093648020
-0.211451566
-0.326185651
-0.436137695
-0.539664123
-0.635215007
-0.721357340
-0.796796621
-0.860396411
-0.911195567
-0.948422892
-0.971508970
-0.980095008
-0.974038552
-0.953415965
-0.918521643
-0.869863964
-0.808158018
-0.734315232
-0.649430031
-0.554763726
-0.451725871
-0.341853359
-0.226787566
-0.108249880
0.011984010
0.132110705
0.250326136
0.364852686
0.473965949
0.576020748
0.669476012
0.752918129
0.825082425
0.884872443
0.931376722
0.963882821
0.981888368
0.985108959
0.973482792
0.947171940
0.906560254
0.852247910
0.785042677
0.705948038
0.616148320
0.516991072
0.409966934
0.296687310
0.178860165
0.058264321
-0.063277370
-0.183925571
-0.301852303
-0.415268666
-0.522452024
-0.621772227
-0.711716483
-0.790912493
-0.858149492
-0.912396876
-0.952820130
-0.978793794
-0.989911288
-0.985991410
-0.967081430
-0.933456708
-0.885616831
-0.824278344
-0.750364151
-0.664989750
-0.569446524
-0.465182300
-0.353779501
-0.236931199
-0.116415440
0.005931776
0.128244448
0.248655033
0.365322979
0.476462898
0.580371939
0.675455955
0.760254045
0.833461099
0.893948004
0.940779180
0.973227186
0.990784165
0.993169927
0.980336576
0.952469560
0.909985156
0.853524398
0.783943550
0.702301251
0.609842526
0.507979918
0.398271989
0.282399564
0.162140032
0.039340131
-0.084112387
-0.206317771
-0.325393513
-0.439503385
-0.546885799
-0.645881071
-0.734957155
-0.812733455
-0.878002330
-0.929747974
-0.967162357
-0.989657984
-0.996877267
-0.988698358
-0.965237344
-0.926846764
-0.874110467
-0.807834878
-0.729036803
-0.638927953
-0.538896432
-0.430485444
-0.315369578
-0.195329001
-0.072221986
0.052043831
0.175540994
0.296352137
0.412599776
0.522475529
0.624268321
0.716391100
0.797405689
0.866045338
0.921234663
0.962106625
0.988016295
0.998551175
0.993537922
0.973045345
0.937383633
0.887099815
0.822969521
0.745985157
0.657340676
0.558413178
0.450741625
0.336002983
0.215986175
0.092564246
-0.032334839
-0.156758295
-0.278759055
-0.396426261
-0.507915241
-0.611476489
-0.705483196
-0.788456905
-0.859090873
-0.916270773
-0.959092409
-0.986876161
-0.999177919
-0.995796335
-0.976776272
-0.942408387
-0.893224847
-0.829991239
-0.753694796
-0.665529116
-0.566875611
-0.459281965
-0.344437945
-0.224148937
-0.100307619
0.025135785
0.150204199
0.272924863
0.391360468
0.503639791
0.607987315
0.702751392
0.786430477
0.857697038
0.915418741
0.958676573
0.986779628
0.999276287
0.995961637
0.976880985
0.942329411
0.892847369
0.829212381
0.752426968
0.663702983
0.564442612
0.456216319
0.340738086
0.219838345
0.095435019
-0.030496872
-0.155956549
-0.278949267
-0.397518059
-0.509774917
-0.613930918
-0.708324819
-0.791449653
-0.861976896
-0.918777835
-0.960941766
-0.987790746
-0.998890649
-0.994058344
-0.973364874
-0.937134579
-0.885940176
-0.820593854
-0.742134537
-0.651811497
-0.551064581
-0.441501369
-0.324871608
-0.203039341
-0.077953164
0.048384902
0.173951447
0.296734085
0.414763735
0.526146248
0.629092873
0.721949070
0.803221207
0.871600701
0.925985222
0.965496604
0.989495179
0.997590289
0.989646807
0.965787554
0.926391564
0.872088222
0.803747364
0.722465482
0.629548268
0.526489756
0.414948402
0.296720482
0.173711231
0.047904189
-0.078670754
-0.203970108
-0.325969784
-0.442697828
-0.552266349
-0.652902126
-0.742975399
-0.821026370
-0.885788985
-0.936211607
-0.971474241
-0.991002023
-0.994474753
-0.981832311
-0.953275853
-0.909264782
-0.850509511
-0.777960145
-0.692791265
-0.596383033
-0.490298947
-0.376260579
-0.256119720
-0.131828370
-0.005407065
0.121087947
0.245598156
0.366096304
0.480619441
0.587300961
0.684401108
0.770335446
0.843700830
0.903298446
0.948153542
0.977531522
0.990950136
0.988187562
0.969286234
0.934552365
0.884551145
0.820097701
0.742243959
0.652261614
0.551621476
0.441969546
0.325100178
0.202926799
0.077450625
-0.049272076
-0.175163679
-0.298159268
-0.416240541
-0.527468976
-0.630017733
-0.722201745
-0.802505516
-0.869608157
-0.922405254
-0.960027187
-0.981853617
-0.987523873
-0.976943081
-0.950283918
-0.907983959
-0.850738659
-0.779490070
-0.695411483
-0.599888240
-0.494495023
-0.380969999
-0.261186234
-0.137120858
-0.010822466
0.115622681
0.240125118
0.360626728
0.475134807
0.581755074
0.678723099
0.764433596
0.837467120
0.896613703
0.940893049
0.969570930
0.982171528
0.978485493
0.958573591
0.922765873
0.871656364
0.806093370
0.727165545
0.636183955
0.534660422
0.424282510
0.306885568
0.184422278
0.058930234
-0.067501938
-0.192769326
-0.314785793
-0.431518757
-0.541023097
-0.641473650
-0.731195723
-0.808693126
-0.872673250
-0.922068768
-0.956055594
-0.974066793
-0.975802199
-0.961233593
-0.930605330
-0.884430403
-0.823482016
-0.748780792
-0.661577818
-0.563333827
-0.455694840
-0.340464686
-0.219574849
-0.095052156
0.031015177
0.156512541
0.279334418
0.397419727
0.508786472
0.611565072
0.704029839
0.784628067
0.852006223
0.905032821
0.942817572
0.964726493
0.970392705
0.959722755
0.932898319
0.890373281
0.832866218
0.761348411
0.677027589
0.581327663
0.475864802
0.362420239
0.242910267
0.119353937
-0.006161019
-0.131513442
-0.254584595
-0.373294001
-0.485634661
-0.589707050
-0.683751329
-0.766177204
-0.835590944
-0.890819085
-0.930928414
-0.955241899
-0.963350282
-0.955119138
-0.930691273
-0.890484419
-0.835184252
-0.765732863
-0.683312848
-0.589327315
-0.485376112
-0.373228699
-0.254794114
-0.132088542
-0.007201030
0.117742051
0.240613213
0.359320103
0.471841175
0.576260187
0.670798914
0.753847545
0.823992208
0.880039184
0.921035367
0.946284629
0.955359811
0.948110114
0.924663781
0.885425993
0.831072041
0.762535857
0.680994123
0.587846196
0.484690222
0.373295818
0.255573799
0.133543467
0.009298020
-0.115031336
-0.237311941
-0.355446287
-0.467408043
-0.571276878
-0.665271485
-0.747780235
-0.817388931
-0.872905187
-0.913378997
-0.938119159
-0.946705238
-0.938994882
-0.915126354
-0.875516223
-0.820852263
-0.752081671
-0.670394800
-0.577204693
-0.474122760
-0.362931018
-0.245551369
-0.124012445
-0.000414588
0.123106422
0.244416281
0.361419058
0.472093460
0.574527818
0.666953194
0.747774037
0.815595852
0.869249397
0.907810992
0.930618581
0.937283265
0.927696103
0.902030057
0.860737048
0.804540162
0.734421154
0.651603437
0.557530872
0.453842717
0.342345160
0.224979941
0.103790593
-0.019113096
-0.141591799
-0.261513893
-0.376792585
-0.485422279
-0.585513538
-0.675326042
-0.753298954
-0.818078178
-0.868540010
-0.903810785
-0.923282165
-0.926621796
-0.913779152
-0.884986452
-0.840754634
-0.781864459
-0.709352878
-0.624494926
-0.528781428
-0.423892923
-0.311670257
-0.194082347
-0.073191697
0.048881747
0.169997762
0.288033379
0.400920135
0.506680374
0.603461971
0.689570864
0.763500822
0.823959924
0.869893277
0.900501577
0.915255183
0.913903444
0.896479131
0.863297866
0.814952583
0.752303095
0.676460954
0.588769872
0.490782042
0.384230768
0.270999900
0.153090593
0.032585993
-0.088385545
-0.207688039
-0.323215621
-0.432929745
-0.534895224
-0.627314447
-0.708559177
-0.777199350
-0.832028391
-0.872084565
-0.896668004
-0.905353103
-0.897996054
-0.874737382
-0.835999452
-0.782478967
-0.715134594
-0.635169948
-0.544012209
-0.443286774
-0.334788377
-0.220449193
-0.102304485
0.017543574
0.136963301
0.253831413
0.366070817
0.471687570
0.568806380
0.655703992
0.730839873
0.792883658
0.840738837
0.873562290
0.890779301
0.892093785
0.877493545
0.847250455
0.801915582
0.742309302
0.669506617
0.584817906
0.489765469
0.386056274
0.275551395
0.160232688
0.042167299
-0.076529368
-0.193731539
-0.307341167
-0.415325525
-0.515753638
-0.606830898
-0.686931231
-0.754626250
-0.808710857
-0.848224847
-0.872470106
-0.881023110
-0.873742486
-0.850771499
-0.812535428
-0.759733859
-0.693328049
-0.614523572
-0.524748567
-0.425627978
-0.318954240
-0.206654946
-0.090758077
0.026644582
0.143435185
0.257508033
0.366807575
0.469365494
0.563336234
0.647030302
0.718944754
0.777790313
0.822514625
0.852321227
0.866683891
0.865356075
0.848375313
0.816062463
0.769015817
0.708100189
0.634431171
0.549354845
0.454423305
0.351366453
0.242060564
0.128494188
0.012732025
-0.103122597
-0.216965933
-0.326732046
-0.430430346
-0.526181753
-0.612252836
-0.687087299
-0.749334242
-0.797872685
-0.831831901
-0.850607192
-0.853870816
-0.841577865
-0.813966989
-0.771555943
-0.715132050
-0.645737737
-0.564651423
-0.473364095
-0.373552002
-0.267045969
-0.155797885
-0.041844987
0.072727425
0.185824138
0.295378361
0.399389534
0.495959921
0.583329318
0.659907236
0.724301973
0.775346036
0.812117454
0.833956582
0.840478091
0.831577926
0.807435091
0.768508250
0.715527177
0.649479240
0.571591140
0.483306260
0.386258033
0.282239817
0.173171827
0.061065745
-0.052012351
-0.163980060
-0.272777012
-0.376402825
-0.472953939
-0.560658659
-0.637909766
-0.703294084
-0.755618457
-0.793931664
-0.817541863
-0.826029235
-0.819253608
-0.797356903
-0.760760368
-0.710156648
-0.646496836
-0.570972743
-0.484994717
-0.390165425
-0.288250071
-0.181143620
-0.070835617
0.040626733
0.151176550
0.258765613
0.361402348
0.457188741
0.544355522
0.621294929
0.686590486
0.739043196
0.777693704
0.801839987
0.811050259
0.805170842
0.784328866
0.748929732
0.699649407
0.637421670
0.563420572
0.479038412
0.385859658
0.285631297
0.180230152
0.071627800
-0.038146275
-0.147042597
-0.253029970
-0.354133398
-0.448470944
-0.534288832
-0.609994147
-0.674184510
-0.725674182
-0.763516106
-0.787019466
-0.795762455
-0.789599990
-0.768666242
-0.733371939
-0.684396479
-0.622675011
-0.549380726
-0.465902687
-0.373819620
-0.274870151
-0.170920056
-0.063927138
0.044095620
0.151117911
0.255130276
0.354181872
0.446417114
0.530110511
0.603699041
0.665811452
0.715293939
0.751231709
0.772966042
0.780106508
0.772538131
0.750423340
0.714198702
0.664566477
0.602481153
0.529131245
0.445916662
0.354422106
0.256386984
0.153672415
0.048225949
-0.057955331
-0.162862624
-0.264513429
-0.360989047
-0.450470855
-0.531274662
-0.601882510
-0.660971294
-0.707437686
-0.740418868
-0.759308698
-0.763768993
-0.753735724
-0.729419997
-0.691303815
-0.640130693
-0.576891306
-0.502804453
-0.419293691
-0.327960090
-0.230551622
-0.128929781
-0.025034052
0.079155075
0.181653861
0.280513102
0.373855238
0.459910077
0.537048442
0.603813114
0.658946475
0.701414317
0.730425385
0.745446254
0.746211279
0.732727427
0.705273880
0.664396452
0.610896901
0.545817351
0.470420129
0.386163401
0.294673069
0.197711481
0.097143544
-0.005099103
-0.107055174
-0.206771361
-0.302339780
-0.391934523
-0.473846610
-0.546516668
-0.608564724
-0.658816518
-0.696325859
-0.720392573
-0.730575711
-0.726701762
-0.708867723
-0.677438948
-0.633041851
-0.576551574
-0.509074884
-0.431928618
-0.346614092
-0.254787986
-0.158230241
-0.058809615
0.041552453
0.140918970
0.237374779
0.329063508
0.414223346
0.491220975
0.558582978
0.615024146
0.659472112
0.691087855
0.709281672
0.713724313
0.704353060
0.681372650
0.645251013
0.596709906
0.536710652
0.466435234
0.387263135
0.300744356
0.208569164
0.112535129
0.014512114
-0.083594106
-0.179878903
-0.272475784
-0.359592621
-0.439546393
-0.510795781
-0.571970974
-0.621900116
-0.659631872
-0.684453687
-0.695905367
-0.693787746
-0.678166248
-0.649369297
-0.607981590
-0.554832394
-0.490979067
-0.417686156
-0.336400463
-0.248722577
-0.156375438
-0.061170525
0.035027637
0.130337987
0.222899715
0.310908626
0.392652354
0.466543753
0.531151793
0.585229381
0.627737541
0.657865503
0.675046289
0.678967516
0.669577186
0.647084368
0.611954759
0.564901208
0.506869404
0.439018999
0.362700557
0.279428770
0.190852477
0.098722077
0.004854984
-0.088900209
-0.180700133
-0.268742907
-0.351303551
-0.426767841
-0.493663948
-0.550691236
-0.596745660
-0.630941253
-0.652627293
-0.661400813
-0.657114204
-0.639877769
-0.610057192
-0.568265953
-0.515352863
-0.452384969
-0.380626151
-0.301511865
-0.216620511
-0.127642017
-0.036344239
0.055462130
0.145959468
0.233359221
0.315937289
0.392068087
0.460256618
0.519167912
0.567653271
0.604772767
0.629813591
0.642303855
0.642021604
0.628998853
0.603520565
0.566118614
0.517560842
0.458835435
0.391130943
0.315812334
0.234393564
0.148507221
0.059871842
-0.029742441
-0.118549243
-0.204781537
-0.286726850
-0.362761310
-0.431381894
-0.491236222
-0.541149299
-0.580146691
-0.607473659
-0.622609887
-0.625279498
-0.615456182
-0.593363320
-0.559469117
-0.514476851
-0.459310418
-0.395095496
-0.323136682
-0.244891087
-0.161938904
-0.075951551
0.011341967
0.098189808
0.182852454
0.263637578
0.338933912
0.407243443
0.467211293
0.517652684
0.557576444
0.586204591
0.602987611
0.607615113
0.600021667
0.580387699
0.549135448
0.506920049
0.454615953
0.393298939
0.324224102
0.248800261
0.168561300
0.085135034
0.000210223
-0.084497591
-0.167280742
-0.246473886
-0.320487539
-0.387840040
-0.447187280
-0.497349615
-0.537335407
-0.566360736
-0.583864876
-0.589521236
-0.583243541
-0.565187149
-0.535745467
-0.495541548
-0.445415061
-0.386404879
-0.319727663
-0.246752876
-0.168974730
-0.087981651
-0.005423882
0.077020123
0.157677822
0.234916532
0.307176519
0.373002544
0.431073244
0.480227735
0.519488916
0.548082992
0.565454829
0.571278839
0.565465161
0.548161046
0.519747398
0.480830566
0.432229549
0.374958893
0.310207621
0.239314645
0.163741154
0.085040558
0.004826599
-0.075259724
-0.153583719
-0.228550390
-0.298636952
-0.362423815
-0.418623405
-0.466106236
-0.503923704
-0.531327127
-0.547782680
-0.552981883
-0.546847467
-0.529534485
-0.501426665
-0.463128076
-0.415450291
-0.359395315
-0.296134638
-0.226984844
-0.153380286
-0.076843387
0.001046808
0.078687193
0.154483595
0.226883525
0.294408016
0.355681880
0.409461790
0.454661580
0.490374277
0.515890390
0.530712106
0.534563092
0.527393715
0.509381581
0.480927382
0.442646151
0.395354109
0.340051387
0.277900981
0.210204380
0.138374389
0.063905693
-0.011656211
-0.086747068
-0.159816256
-0.229358823
-0.293946520
-0.352257191
-0.403101899
-0.445449250
-0.478446402
-0.501436329
-0.513970999
-0.515820190
-0.506975768
-0.487651354
-0.458277389
-0.419491707
-0.372125822
-0.317187220
-0.255838029
-0.189370525
-0.119179972
-0.046735387
0.026451178
0.098856181
0.168976312
0.235359730
0.296636161
0.351545237
0.398962489
0.437922447
0.467638387
0.487518305
0.497176798
0.496442609
0.485361689
0.464195719
0.433416132
0.393693764
0.345884365
0.291010277
0.230238664
0.164856771
0.096244713
0.025846391
-0.044860872
-0.114397325
-0.181311765
-0.244211852
-0.301793120
-0.352866089
-0.396380899
-0.431448973
-0.457361239
-0.473602557
-0.479862035
-0.476039044
-0.462244798
-0.438799488
-0.406225028
-0.365233580
-0.316712111
-0.261703303
-0.201383236
-0.137036316
-0.070027982
-0.001775761
0.066280690
0.132709957
0.196118987
0.255182332
0.308669900
0.355472633
0.394625567
0.425327806
0.446958988
0.459091889
0.461500943
0.454166460
0.437274503
0.411212408
0.376560069
0.334077163
0.284686618
0.229454653
0.169567845
0.106307703
0.041023284
-0.024897538
-0.090057569
-0.153079915
-0.212637094
-0.267479032
-0.316459354
-0.358559402
-0.392909493
-0.418806954
-0.435730576
-0.443351175
-0.441538045
-0.430361185
-0.410089252
-0.381183297
-0.344286424
-0.300209608
-0.249913976
-0.194489932
-0.135133596
-0.073121038
-0.009780888
0.053534113
0.115475996
0.174730274
0.230043864
0.280251626
0.324300957
0.361273920
0.390406442
0.411104174
0.422954689
0.425735757
0.419419539
0.404172611
0.380351835
0.348496172
0.309314616
0.263670530
0.212562714
0.157103631
0.098495248
0.038003036
-0.023071328
-0.083417958
-0.141746855
-0.196815501
-0.247455361
-0.292596721
-0.331291339
-0.362732426
-0.386271537
-0.401432007
-0.407918670
-0.405623638
-0.394628048
-0.375199738
-0.347786908
-0.313007926
-0.271637496
-0.224589503
-0.172896909
-0.117689139
-0.060167456
-0.001578860
0.056810930
0.113744816
0.168001393
0.218421183
0.263931447
0.303569058
0.336500940
0.362041638
0.379667649
0.389028213
0.389952335
0.382451902
0.366720835
0.343130310
0.312220152
0.274686608
0.231366767
0.183219983
0.131306696
0.076765136
0.020786401
-0.035411524
-0.090610265
-0.143617476
-0.193292614
-0.238571513
-0.278489225
-0.312200629
-0.338998388
-0.358327844
-0.369798560
-0.373192244
-0.368466920
-0.355757241
-0.335370961
-0.307781652
-0.273617835
-0.233648769
-0.188767222
-0.139969603
-0.088333902
-0.034995918
0.018875696
0.072105024
0.123534559
0.172050385
0.216606333
0.256246575
0.290126178
0.317529163
0.337883692
0.350774053
0.355949197
0.353327640
0.342998646
0.325219665
0.300410101
0.269141558
0.232124780
0.190193589
0.144286181
0.095424196
0.044690025
-0.006797132
-0.057905942
-0.107517794
-0.154551294
-0.197985856
-0.236883886
-0.270411057
-0.297854258
-0.318636808
-0.332330627
-0.338665091
-0.337532404
-0.328989354
-0.313255459
-0.290707522
-0.261870755
-0.227406653
-0.188097922
-0.144830773
-0.098575015
-0.050362354
-0.001263425
0.047635973
0.095258877
0.140560894
0.182553116
0.220323744
0.253057921
0.280055357
0.300745354
0.314698920
0.321637697
0.321439535
0.314140579
0.299933853
0.279164375
0.252320923
0.220024648
0.183014794
0.142131860
0.098298570
0.052499099
0.005757010
-0.040887605
-0.086401260
-0.129779977
-0.170071454
-0.206395994
-0.237965749
-0.264101846
-0.284249030
-0.297987498
-0.305041688
-0.305285807
-0.298746025
-0.285599267
-0.266168656
-0.240915718
-0.210429539
-0.175413112
-0.136667211
-0.095072135
-0.051567757
-0.007132323
0.037239526
0.080559011
0.121865251
0.160246594
0.194860763
0.224953367
0.249874383
0.269092235
0.282205172
0.288949690
0.289205838
0.282999282
0.270500108
0.252018390
0.227996647
0.198999361
0.165699805
0.128864488
0.089335570
0.048011654
0.005827396
-0.036267621
-0.077330251
-0.116444919
-0.152744052
-0.185427346
-0.213779434
-0.237185583
-0.255145057
-0.267281861
-0.273352634
-0.273251530
-0.267011975
-0.254805294
-0.236936224
-0.213835457
-0.186049365
-0.154227172
-0.119105854
-0.081493132
-0.042248942
-0.002265805
0.037551456
0.076306177
0.113130057
0.147202621
0.177769524
0.204159276
0.225798027
0.242222077
0.253087837
0.258179037
0.257411010
0.250831993
0.238621405
0.221085159
0.198648144
0.171844030
0.141302665
0.107735341
0.071918291
0.034674772
-0.003143822
-0.040677408
-0.077076766
-0.111522760
-0.143244783
-0.171538017
-0.195779117
-0.215439972
-0.230099241
-0.239451397
-0.243313108
-0.241626801
-0.234461345
-0.222009858
-0.204584692
-0.182609730
-0.156610173
-0.127200070
-0.095067882
-0.060960419
-0.025665517
0.010006128
0.045239567
0.079234215
0.111222043
0.140484942
0.166370866
0.188308382
0.205819308
0.218529161
0.226175178
0.228611745
0.225813117
0.217873386
0.205003698
0.187526813
0.165869129
0.140550370
0.112171198
0.081399015
0.048952322
0.015583974
-0.017936264
-0.050839460
-0.082375154
-0.111828478
-0.138536372
-0.161902532
-0.181410741
-0.196636297
-0.207255272
-0.213051412
-0.213920523
-0.209872251
-0.201029241
-0.187623693
-0.169991417
-0.148563529
-0.123855998
-0.096457295
-0.067014426
-0.036217703
-0.004784587
0.026557009
0.057085562
0.086102551
0.112948444
0.137017703
0.157772459
0.174754545
0.187595633
0.196025224
0.199876348
0.199088827
0.193710054
0.183893275
0.169893436
0.152060692
0.130831748
0.106719246
0.080299448
0.052198514
0.023077698
-0.006382186
-0.035496660
-0.063593484
-0.090028174
-0.114198794
-0.135559673
-0.153633738
-0.168023187
-0.178418249
-0.184603854
-0.186464065
-0.183984171
-0.177250420
-0.166447396
-0.151853133
-0.133832068
-0.112826035
-0.089343500
-0.063947313
-0.037241255
-0.009855722
0.017567138
0.044388467
0.069987578
0.093776317
0.115212589
0.133812714
0.149162360
0.160925776
0.168853143
0.172785861
0.172659685
0.168505618
0.160448585
0.148703907
0.133571686
0.115429237
0.094721757
0.071951465
0.047665469
0.022442657
-0.003120071
-0.028421915
-0.052872284
-0.075904581
-0.096989333
-0.115646373
-0.131455780
-0.144067343
-0.153208315
-0.158689307
-0.160408184
-0.158351873
-0.152596080
-0.143302909
-0.130716464
-0.115156559
-0.097010671
-0.076724361
-0.054790390
-0.031736792
-0.008114187
0.015517339
0.038601510
0.060598940
0.080999740
0.099335339
0.115189254
0.128206551
0.138101800
0.144665317
0.147767596
0.147361790
0.143484243
0.136253037
0.125864618
0.112588592
0.096760824
0.078775014
0.059072964
0.038133773
0.016462216
-0.005423394
-0.027003588
-0.047770060
-0.067237637
-0.084955614
-0.100518191
-0.113573771
-0.123832902
-0.131074690
-0.135151534
-0.135992086
-0.133602377
-0.128065093
-0.119537034
-0.108244831
-0.094479026
-0.078586677
-0.060962671
-0.042039963
-0.022278974
-0.002156420
0.017846172
0.037253971
0.055610108
0.072486431
0.087493487
0.100289514
0.110588219
0.118165181
0.122862717
0.124593126
0.123340231
0.119159195
0.112174643
0.102577125
0.090618037
0.076603120
0.060884711
0.043852938
0.025926074
0.007540300
-0.010860891
-0.028837370
-0.045962897
-0.061835217
-0.076085510
-0.088386956
-0.098462232
-0.106089750
-0.111108514
-0.113421480
-0.112997352
-0.109870781
-0.104140981
-0.095968796
-0.085572320
-0.073221159
-0.059229517
-0.043948254
-0.027756127
-0.011050441
0.005762680
0.022278149
0.038101665
0.052859116
0.066205423
0.077832607
0.087476886
0.094924650
0.100017177
0.102653972
0.102794682
0.100459531
0.095728296
0.088737843
0.079678309
0.068788027
0.056347328
0.042671382
0.028102254
0.013000386
-0.002264298
-0.017321433
-0.031809187
-0.045382949
-0.057723516
-0.068544596
-0.077599444
-0.084686471
-0.089653716
-0.092402062
-0.092887149
-0.091119928
-0.087165874
-0.081142875
-0.073217868
-0.063602312
-0.052546623
-0.040333707
-0.027271764
-0.013686549
0.000086729
0.013711657
0.026858823
0.039213768
0.050484498
0.060408382
0.068758256
0.075347613
0.080034745
0.082725751
0.083376345
0.081992443
0.078629506
0.073390683
0.066423811
0.057917341
0.048095319
0.037211541
0.025543041
0.013383076
0.001033779
-0.011201326
-0.023024769
-0.034152357
-0.044319989
-0.053289922
-0.060856316
-0.066849937
-0.071141921
-0.073646502
-0.074322652
-0.073174607
-0.070251272
-0.065644538
-0.059486558
-0.051946057
-0.043223786
-0.033547237
-0.023164753
-0.012339188
-0.001341280
0.009557097
0.020089644
0.030002125
0.039058496
0.047046516
0.053782702
0.059116530
0.062933765
0.065158865
0.065756400
0.064731459
0.062129058
0.058032565
0.052561188
0.045866616
0.038128883
0.029551588
0.020356579
0.010778247
0.001057584
-0.008563866
-0.017849990
-0.026575888
-0.034533305
-0.041535591
-0.047422060
-0.052061659
-0.055355849
-0.057240650
-0.057687802
-0.056705019
-0.054335348
-0.050655663
-0.045774323
-0.039828088
-0.032978357
-0.025406845
-0.017310801
-0.008897906
-0.000380971
0.008027427
0.016120235
0.023701005
0.030588653
0.036621764
0.041662363
0.045599038
0.048349372
0.049861608
0.050115532
0.049122554
0.046924994
0.043594610
0.039230402
0.033955769
0.027915085
0.021269805
0.014194187
0.006870757
-0.000514377
-0.007776232
-0.014735567
-0.021223294
-0.027084569
-0.032182472
-0.036401181
-0.039648577
-0.041858212
-0.042990608
-0.043033851
-0.042003491
-0.039941750
-0.036916064
-0.033017021
-0.028355737
-0.023060753
-0.017274545
-0.011149727
-0.004845054
0.001478667
0.007662655
0.013554133
0.019010078
0.023900682
0.028112418
0.031550651
0.034141730
0.035834520
0.036601332
0.036438257
0.035364880
0.033423414
0.030677264
0.027209082
0.023118367
0.018518666
0.013534472
0.008297893
0.002945175
-0.002386818
-0.007564084
-0.012458831
-0.016952619
-0.020939203
-0.024327025
-0.027041287
-0.029025561
-0.030242909
-0.030676484
-0.030329602
-0.029225311
-0.027405456
-0.024929276
-0.021871591
-0.018320617
-0.014375474
-0.010143468
-0.005737200
-0.001271600
0.003139047
0.007384011
0.011358874
0.014968085
0.018127229
0.020764985
0.022824693
0.024265530
0.025063253
0.025210496
0.024716636
0.023607230
0.021923037
0.019718680
0.017060969
0.014026945
0.010701697
0.007176016
0.003543947
-0.000099696
-0.003661781
-0.007053219
-0.010191179
-0.013001082
-0.015418357
-0.017389892
-0.018875158
-0.019846993
-0.020292013
-0.020210662
-0.019616904
-0.018537565
-0.017011361
-0.015087633
-0.012824840
-0.010288835
-0.007551004
-0.004686286
-0.001771150
0.001118417
0.003908878
0.006530989
0.008921505
0.011024679
0.012793532
0.014190872
0.015190026
0.015775280
0.015942028
0.015696617
0.015055918
0.014046625
0.012704314
0.011072296
0.009200286
0.007142947
0.004958331
0.002706276
0.000446787
-0.001761531
-0.003862980
-0.005806152
-0.007545161
-0.009040705
-0.010260918
-0.011182009
-0.011788666
-0.012074227
-0.012040616
-0.011698054
-0.011064553
-0.010165224
-0.009031410
-0.007699678
-0.006210702
-0.004608065
-0.002937020
-0.001243243
0.000428394
0.002034992
0.003536699
0.004897680
0.006086950
0.007079042
0.007854519
0.008400301
0.008709811
0.008782943
0.008625856
0.008250606
0.007674628
0.006920092
0.006013145
0.004983083
0.003861446
0.002681100
0.001475301
0.000276785
-0.000883098
-0.001975182
-0.002973198
-0.003854378
-0.004599948
-0.005195491
-0.005631176
-0.005901854
-0.006007022
-0.005950657
-0.005740940
-0.005389860
-0.004912742
-0.004327693
-0.003654988
-0.002916429
-0.002134679
-0.001332600
-0.000532612
0.000243909
0.000977181
0.001649497
0.002245629
0.002753142
0.003162621
0.003467797
0.003665579
0.003755999
0.003742061
0.003629522
0.003426594
0.003143593
0.002792546
0.002386759
0.001940378
0.001467937
0.000983920
0.000502348
0.000036395
-0.000401949
-0.000802163
-0.001155423
-0.001454771
-0.001695210
-0.001873749
-0.001989369
-0.002042946
-0.002037112
-0.001976071
-0.001865379
-0.001711693
-0.001522502
-0.001305844
-0.001070026
-0.000823349
-0.000573852
-0.000329077
-0.000095865
0.000119808
0.000312969
0.000479730
0.000617339
0.000724189
0.000799783
0.000844670
0.000860348
0.000849140
0.000814051
0.000758610
0.000686710
0.000602438
0.000509918
0.000413159
0.000315919
0.000221593
0.000133118
0.000052901
-0.000017219
-0.000075994
-0.000122755
-0.000157390
-0.000180285
-0.000192267
-0.000194519
-0.000188492
-0.000175815
-0.000158200
-0.000137353
-0.000114893
-0.000092282
-0.000070763
-0.000051325
-0.000034670
-0.000021210
-0.000011072
-0.000004122
0.000000001
0.000001833
0.000002035
0.000001326
0.000000428
0.000000000
0.000000000
0.000000000
0.000000000
0.000000000
0.000000000
0.000000000
0.000000000
0.000000000
0.000000000
0.000000000
0.000000000
0.000000000
0.000000000
0.000000000
0.000000000
0.000000000
0.000000000
0.000000000
0.000000000
0.000000000
0.000000000
0.000000000
0.000000000
0.000000000
0.000000000
0.000000000
0.000000000
0.000000000
0.000000000
0.000000000
0.000000000
0.000000000
0.000000000
0.000000000
0.000000000
0.000000000
0.000000000
0.000000000
0.000000000
0.000000000
0.000000000
0.000000000
0.000000000
0.000000000
0.000000000
0.000000000
0.000000000
0.000000000
0.000000000
0.000000000
0.000000000
0.000000000
0.000000000
0.000000000
0.000000000
0.000000000
0.000000000
0.000000000
0.000000000
0.000000000
0.000000000
0.000000000
0.000000000
0.000000000
0.000000000
0.000000000
0.000000000
0.000000000
0.000000000
0.000000000
0.000000000
0.000000000
0.000000000
0.000000000
0.000000000
0.000000000
0.000000000
0.000000000
0.000000000
0.000000000
0.000000000
0.000000000
0.000000000
0.000000000
0.000000000
0.000000000
0.000000000
0.000000000
0.000000000
0.000000000
0.000000000
0.000000000
0.000000000
0.000000000
0.000000000
0.000000000
0.000000000
0.000000000
0.000000000
0.000000000
